319739541;1044;3011774608
82072846;2935;3488301215
171690598;3709;3555394119
270802608;3462;3276916141
194816177;3464;3212469513
315932839;4409;3313934033
184731045;3502;3359674507
196197361;4189;3224031832
126499803;3612;3576563904
231563789;3722;3309252048
210648045;4006;3069614182
42466827;4114;3365300113
178603106;3962;3565778731
184938311;4017;3528589876
302473895;3342;3165575164
167716700;3270;3574950556
341281610;2949;3575319711
44735967;3196;3572771848
280583362;3503;3444090280
22456790;3134;3550893130
192938615;2127;3529955733
51788710;4481;3436945775
53889074;4425;3575836645
54961672;4075;3126577294
146312072;4020;2909519058
128469649;3555;3498200912
130984510;4022;3552571187
191290194;2263;3575301730
170943037;2862;3189374533
123869944;2747;2923967542
91582126;4025;3412866314
23376156;3090;3538227379
171983936;4077;3496155300
151803849;3781;3475561007
146540549;4140;3574953204
50214477;4537;3575986347
367674623;4500;3323680136
11544352;4985;3302812133
290183504;3444;3575183413
100220663;2774;3575144044
168185813;2541;3230206931
204742486;2691;2893502125
75137811;4049;3532292327
336296038;3318;3576056499
185574868;4201;3567240346
216274475;3420;3276363168
148714659;3284;3566625605
302172232;2929;3576670037
240956566;2988;3459872552
84310077;2791;3575271927
105089864;4206;3398163150
104655688;1769;3377097151
169248331;4344;3425035435
118625894;6075;2934963860
158039779;5977;3238957233
233522239;5988;3560696680
93411540;5649;3392969784
113616081;5706;3226324447
320315790;2562;3136460961
315907309;2579;3378294323
246293721;3581;3542709726
200781926;3759;3422869302
115341207;3511;3480875635
196385257;4884;3449526922
205463996;953;3570914140
22786925;3220;2989863522
163724042;3637;3431633521
301272394;3078;3557803020
196485495;5457;3575030612
157610904;4636;3575287836
181042399;3916;3574875846
102275621;4667;3574208628
187999150;4436;3575139360
115100672;4129;2934416487
130134664;4670;3284951712
162527308;3824;3534237564
369006606;3871;3559037997
150580531;4019;3167990875
341335744;4326;2899203531
165747496;4292;3559118711
242981257;4074;3461400799
46808895;2342;3530389660
26289443;2883;3569148306
285222042;3581;2968200539
227066501;5201;2934559851
364672916;3550;3144627654
313623963;2741;3308552659
217012301;3981;3569775190
204715913;1958;2997148736
117233429;907;3426769548
230122450;1146;3356101526
166758916;1356;3481209501
207446585;4035;3227120924
97960885;5303;3574759382
158808151;5011;2938356678
193953325;3536;3377794418
117820990;5407;3501640454
164692374;2433;3112559943
75177248;2170;2947840913
340701761;2972;3207226521
174664883;3858;3423225768
279754714;2300;3519592114
134081186;2909;3462407100
233671993;3819;3162266019
149559651;3564;3426166375
239060354;3665;3426698074
167785857;3553;3179820699
332231123;3151;3507212607
128240106;2654;3174791891
51550537;2438;3524576240
311927429;1746;3573582451
170717628;2588;3114489345
146717260;1636;3494816012
191506253;3209;3575440419
285445072;5127;3572457413
370928515;4486;3368203626
89524442;4911;3202580308
185158373;5263;3576525802
127679186;5003;3505909916
196281959;4044;3385639206
177581929;3982;3565872204
62536513;4648;3571766193
166389711;4870;3075905413
316468143;5137;3338580148
346414655;3340;3440952384
43273743;5224;3573056130
208358814;4028;3478112367
121952627;5381;3576328811
213582897;4004;3061472806
196547128;2737;3575862930
126327105;3068;3365786420
159400989;1108;3564333550
249024515;2269;3567953870
114560717;4011;3257851457
40002160;3687;3401515805
103077076;2779;3571836270
96872942;2976;3560515306
207160865;3206;3124750706
150143548;2263;3576594398
118776504;3059;3168069690
104219217;4032;3447822362
120590054;3441;3471428709
225921973;4659;3541888751
118355265;3054;3172354642
199439295;2564;3576611921
172097965;2566;2989392813
33363218;2301;3325407901
296828968;2746;3434205103
112688659;2331;3109083400
353594649;2384;3318599775
113611531;2757;3564888192
204237838;1869;3069765037
364227210;2723;3151836519
127965712;3820;3355438353
282623496;3352;3576582861
114047160;3397;3575114629
40473472;3242;3278462290
174776734;3575;3576632713
132952647;3308;3532510765
340388089;3570;2933040723
207416665;2535;3132138596
336278803;2418;3469549717
110191276;2551;3571690501
194016540;3481;3575289402
254768588;1890;3100342838
201725043;1687;3033130773
40980465;3803;3365378576
141889055;3907;3348210175
114648607;5009;3558053841
325885174;3802;3271489852
23716726;3932;3443944128
203232950;4050;3112283468
145717877;4406;3575029065
172542784;3263;3557414473
199188805;1794;3450751173
107834130;4003;2997893620
175323956;4456;3576657177
1310088;4514;3561725271
99750463;3234;3484959021
52070853;3643;3568900222
92945659;2441;3539702404
190943340;1791;3332412926
116193691;2657;3315544728
144731187;4219;3576658895
349618610;3049;2932745727
285216318;3308;3549122904
288924614;3595;3508174901
122835221;3961;3449062297
40266856;5015;3493042673
166110396;3830;3438600967
36005599;3488;3571502520
117055993;4303;3313561413
326208240;3877;3564079522
192068984;5426;3429959669
216335622;3599;3553233787
161714385;4274;3412093242
328358497;5632;3576644241
73134320;4515;3575063330
375813339;1089;3061329815
188151485;1741;3144937233
335959993;1586;2909959052
142316548;3320;3008813851
142738297;2550;3251494787
29247466;3814;3576664185
361621836;2815;3396967396
146651784;5005;3571688038
154807838;3135;3576668393
174603689;4219;3480902089
83333898;3895;3551622340
147341985;4309;3569374481
163599922;4230;3106327636
126074203;3415;3465389473
87567003;4978;3106064444
5749;3476;3576431662
88798974;3749;3556780312
10964009;4255;3155638068
111193936;4246;3576635651
59020488;5687;3197429005
144569500;4275;3545041181
48792678;4339;3575204554
114878971;4500;3290981407
101184946;2973;3549109950
146916727;4002;3063641846
187746445;4188;3576634244
128171181;5084;3366182336
118780703;3012;3044534814
42284033;5088;3564156303
104334906;4660;3363585969
334322584;4372;3575922012
86836154;3946;3571445722
62526551;4719;3549004992
59150201;4412;3576636961
108667000;3816;3576636961
127549093;3214;3575240103
105888245;3265;3574994173
120280623;4817;3311596864
34547124;3498;3575036453
121528564;3859;3550945980
143041558;4320;3573580739
192561964;4100;3575188927
348189843;4511;3270183080
22708299;4772;3574638228
77593314;3742;3466083408
57804940;4708;2921880913
14762450;2438;3238892916
280264588;3066;3573366488
157052997;3048;3515221776
124210278;3277;3576254939
119050514;3689;3488634453
189050728;2216;3000311301
49330846;2570;3564624328
8093052;1456;3576647328
32980574;1557;3031132829
115327143;3440;3132143893
120414914;4072;3381973262
246606881;2980;3010590854
191589370;2919;3080044849
220263269;2689;3538277742
83625577;2698;3575190064
301931407;2100;3576380451
303607262;1378;3206600509
154533533;3205;3576412329
181911348;2727;3575067707
147019174;2199;3575672833
366588920;2189;3489292568
234924402;3870;3572027270
347794558;2923;3122509252
125047634;4169;3573716573
622076;4867;3576670501
285534930;4588;3576663096
197111032;3598;3169942666
312017662;4065;3537609301
212415035;5212;3308389719
374117680;3876;3403541270
111572457;4567;3563820936
170485668;1205;3555475901
338237892;1236;3479180681
25856499;3209;2918284748
38135761;4303;3423949384
164927806;3240;3467759429
82699812;4813;3065934761
47174043;2465;3161863365
320358721;3424;3136559698
157781918;2402;3227010230
299758538;2164;3565175438
320086335;3036;3476458350
332230066;2099;3576618189
226580231;4015;3040385330
294239900;3559;3418671349
215511681;3226;3400322937
141154357;3307;3308269002
135644027;3046;3491609571
88094456;3632;3446592657
357393537;3457;3081854382
37067285;4310;3440275630
300713811;4942;3548721949
38315714;4337;3475499874
55741457;4160;3455850674
139124145;4809;3170420489
295291053;4128;3381416502
66692606;6363;3216959866
111021161;6564;3500099022
86785188;4681;3571356067
105120045;6027;3545199559
97076048;6765;3576593474
53637903;6177;3018434594
151483282;3693;3115871209
143167281;3366;3569769456
144285921;3208;3251068057
257992865;3821;3477648604
98847789;4213;3565467527
239321013;4450;3033003615
130553367;4317;3410619557
303565831;4117;3451635488
112230601;4960;3041478765
185607799;3228;3562366760
94483806;709;3193516580
175443422;1058;3533930566
271787388;3240;2983587782
127579157;3247;3573658871
360715555;4142;3545653187
345184883;3033;3396521494
368835997;2835;3560506348
148074567;3200;3124991276
234682235;3093;3563743020
44045850;2472;3472239875
203723987;2890;3565623091
238219426;3649;3382897438
75201561;5032;3515407604
121317057;4782;3292965317
117159841;3998;3484992750
98030244;4744;3275682114
330490049;3972;3576234499
104415733;5261;3569985985
356794430;1926;3000782797
186006661;2319;3055215621
71783383;1509;3065762921
310696888;1795;3443935842
132275894;2974;2909865791
162133573;3551;3537802677
137159894;1125;3576670429
183878388;3820;3522815808
142199185;4007;3568593060
170485668;1205;3555475901
338237892;1236;3479180681
25856499;3209;2918284748
38135761;4303;3423949384
164927806;3240;3467759429
82699812;4813;3065934761
47174043;2465;3161863365
320358721;3424;3136559698
157781918;2402;3227010230
299758538;2164;3565175438
320086335;3036;3476458350
332230066;2099;3576618189
226580231;4015;3040385330
294239900;3559;3418671349
215511681;3226;3400322937
141154357;3307;3308269002
135644027;3046;3491609571
88094456;3632;3446592657
357393537;3457;3081854382
37067285;4310;3440275630
300713811;4942;3548721949
38315714;4337;3475499874
55741457;4160;3455850674
139124145;4809;3170420489
295291053;4128;3381416502
66692606;6363;3216959866
111021161;6564;3500099022
86785188;4681;3571356067
105120045;6027;3545199559
97076048;6765;3576593474
53637903;6177;3018434594
151483282;3693;3115871209
143167281;3366;3569769456
144285921;3208;3251068057
257992865;3821;3477648604
98847789;4213;3565467527
239321013;4450;3033003615
130553367;4317;3410619557
303565831;4117;3451635488
112230601;4960;3041478765
185607799;3228;3562366760
94483806;709;3193516580
175443422;1058;3533930566
271787388;3240;2983587782
127579157;3247;3573658871
360715555;4142;3545653187
345184883;3033;3396521494
368835997;2835;3560506348
148074567;3200;3124991276
234682235;3093;3563743020
44045850;2472;3472239875
203723987;2890;3565623091
238219426;3649;3382897438
75201561;5032;3515407604
121317057;4782;3292965317
117159841;3998;3484992750
98030244;4744;3275682114
330490049;3972;3576234499
104415733;5261;3569985985
356794430;1926;3000782797
186006661;2319;3055215621
71783383;1509;3065762921
310696888;1795;3443935842
132275894;2974;2909865791
162133573;3551;3537802677
137159894;1125;3576670429
183878388;3820;3522815808
142199185;4007;3568593060
159131735;5016;3573542106
124222239;4693;3448631180
149451537;4402;3563809223
61456238;4721;3536850789
300951779;4073;3546031400
185126988;4024;3235340696
279171550;4677;3574927125
335064127;5253;3208173779
196904305;4054;3567687857
200322056;5527;3498229120
196475368;4358;3556768534
98893726;4708;3492680062
205158639;1900;3323995852
57606069;2638;3102222178
179970540;3125;3357135654
37143970;2632;3502331577
166515622;2782;3575950183
54897435;4161;3573589645
998483;3481;3565870094
120922288;2959;3536419215
79956579;2639;3516964463
204947248;2013;3420827421
255955575;3547;2936085055
120680154;4369;3502790540
208067292;4356;3573373394
49249886;4024;3562225338
362945002;4559;3220709002
341303774;3015;3028666617
86652731;3322;3428796179
161148283;2939;3172255146
131850019;3326;3573441505
52520285;2764;3576600501
303185339;2980;3249466258
118585681;3316;3509833002
121202795;1980;3575143159
126034071;3435;3323333075
151053140;4584;3574846237
136830823;3092;3534049664
77421747;3878;3193569776
226523945;2377;3576568190
223809603;1149;3081931172
258081657;3765;3575135252
93315250;4445;2934449270
116248042;2989;3522396390
176870989;2832;3528696563
323662490;908;3528696563
129775300;1671;3528453151
89491979;2359;3518947880
245484609;4457;3281257089
218074257;4259;3126442905
86836488;3708;3564123785
86892335;3632;3377170243
45899831;3303;3572909403
96824033;4042;3575170881
27064428;3372;3305616527
43860317;2316;3573388813
116010868;3391;3576525458
120081631;2879;3576525458
120555330;3811;3120261641
34340758;3109;3573654658
68163655;2484;3440906146
168371705;398;3576559726
101658032;2532;3006354286
6405329;3569;3555084568
117999707;3964;3525578388
146117248;3231;3556868043
350233107;2694;2933163577
149349050;4922;3110424663
135761680;4525;3052023382
131948186;3966;3295583325
224506302;4964;3128062675
43889497;3452;3536685233
130695323;2689;3020684562
302774498;3268;3573409034
252762920;3618;3518028063
116365540;3227;2940678420
692109;2718;3518201786
124620074;4007;3413021925
178655777;3454;3490803706
126360456;3771;3574979939
195775805;3152;3504320772
130709803;3305;3576426237
141168073;3270;3560335004
209615117;2972;3543362802
153413808;3304;2898967182
346758195;3676;3379432807
153530247;3257;3573254585
154493543;1185;3544968737
85400534;3155;3003789223
303417696;3856;3494338880
314260416;3552;3575931190
368968944;1855;3442235205
110177236;3582;3552750188
194337257;2509;2970362017
268744924;1396;3575152955
133236216;3684;3576583576
139297563;4421;3413936044
367397192;3284;2896741793
103821641;3697;3236124323
355939080;4075;3475054372
119784310;3590;3230152394
52734101;3301;3562380339
185529486;3263;3483298276
63394812;3803;3233329880
227957109;1825;3572240505
191083414;943;2974874205
157743561;2921;3513324773
152208032;1619;3570161964
221495725;1630;3576188365
353244977;2102;3100307275
147058015;2217;3527891998
39385440;510;2991653506
177288870;3277;3503927322
277000530;4008;3499167166
327321964;3430;3139491553
329139759;3175;3315140419
103788383;3911;3557108183
136771716;2005;3263108123
289359502;4106;3560516486
215171674;4033;3155657428
137389356;3770;3468306030
146200214;4695;3053897079
350396487;4021;3363077901
333543488;3994;3512953175
286409310;5118;3576449622
84858674;4675;3571822452
79819351;6010;3502348337
179898843;6020;3262374280
14583915;5774;3576601458
97324169;5205;3543025779
219446993;4712;3571985548
171927170;3013;3258773997
180096967;4310;3515524649
279393066;3821;3573546442
343255210;3031;3574679960
157131474;4642;3568003892
122525128;2713;3440183541
164079686;2497;3344713536
201655724;3008;3134482294
83898409;1355;3576643284
221328591;4109;3044304044
364566003;1685;2893695601
244087900;3455;3576128466
181195624;4012;3571863590
124990417;4922;3479600944
84420369;5592;3571172296
304213442;5532;3268270112
76956372;4203;3573534195
136128333;5172;3068253998
375508827;5282;3551057331
313494171;4231;2887253360
118356654;4318;3565036449
52688816;3714;3533088823
355527083;3229;3500170214
854877;3896;3576131285
99814107;2127;2912492244
164523796;3046;3108416538
99409021;4222;3507879661
123057356;5285;3574265637
177094975;4323;3155215848
122057469;3779;3159368187
97796016;3517;3570943615
149746159;5097;3476495679
39821267;4093;3550906518
24050651;3775;3453548191
92558855;3310;3576646098
88721780;2930;3573274324
102242577;4041;3200815949
150227486;3656;3562341149
94443720;3522;3573153157
99847512;4143;3498287453
129011005;3366;3455767982
75614669;3042;3573040141
344227194;3028;3437091847
164495002;4161;3572960451
205136692;3273;3545351146
116894590;3415;3556973077
143777906;3883;3487881392
104333832;3546;2883532257
101805038;2407;3576603160
171744473;1023;3567974351
80712101;5479;3573494147
124650428;5614;3005104428
92833986;4847;3260260046
168508396;5197;3387652775
61088940;6141;3565819165
100877304;3952;3531996108
113420038;5041;3221160055
150542528;2483;3065779815
82935690;3111;3543296969
257126648;2488;3001776094
187491886;201;3576136557
212223349;2193;3071042211
107845935;3868;3573593422
327128892;2805;3343324976
302912835;3436;3169301463
136656929;1867;3276111292
94254683;2537;3153667330
67737499;3456;3339309824
22896516;3691;3051974538
106197162;3446;3575072607
180482974;1662;3576232928
115160877;2234;3571679986
85252922;3769;3372215011
141236395;4046;3576504493
101435793;3793;3038211970
339973177;4303;3525104502
317966476;3720;3077331284
329892676;2861;3157331122
316164370;3613;3133198101
229643710;2192;3049587221
282149306;2635;3575434665
327354484;2116;2939904911
122891158;3067;3571635353
149132888;3010;3418151926
110489355;3425;3307193908
223783601;3100;3346837615
258338683;4022;3430376307
133764714;5097;3528532262
115826259;3689;3576559873
98556341;3926;3436479911
143634317;4629;3569522392
173781278;4175;3573969576
151329147;3902;3108144189
254870583;3723;3571505027
361450599;3236;3142592011
289125406;2972;3459557660
317938010;4019;3532984983
82104626;2841;3576275303
310834991;3262;3018586690
121462194;2835;3152061006
66992963;4816;3179765383
246584716;1722;3130235880
234518878;860;3487839756
60045135;547;3354197917
192369229;657;3161100952
117145773;5002;3358663576
94655342;5467;3172093008
97822175;4314;3573458640
115439771;4176;3543332201
325161662;4778;3410095696
147606585;3613;3575038827
214207253;1349;3064235091
295780766;1746;3322093240
187389145;2942;3571679427
280489614;3543;3360294332
162400500;4087;3501506462
195802819;3346;2915822424
355368793;4072;3128702130
99753336;4951;3575847524
245074040;4220;3114226816
374933222;3943;3255300272
120101855;3400;3567658665
351429770;4477;3021385060
366055381;2920;3490704010
101409847;3471;3576619548
176374755;3154;3363575648
243232616;1462;3415202120
344956852;2188;3127878175
195557054;2684;3393623540
218008293;4010;3576200112
320824498;4183;3503431329
140558631;3675;3479570464
169603562;4256;3576434541
289014730;4095;3542398927
158789687;4297;3574198641
93475010;4197;3574321893
45200546;4082;3508087698
22399553;3571;3508087698
114962199;5092;3457453749
321302891;4889;3531945082
112204633;4576;3133126296
112858166;5067;3414229808
192839821;4932;3049638230
133397975;4610;3473601848
143049567;3276;3197449364
193264282;2741;3256445854
256033715;2129;3562294967
91533642;3362;3575249462
109880592;3960;3107795132
169445870;4554;3434634452
143665417;3719;3562234406
154096652;3727;3278190793
53633734;3555;3456040439
102558200;3952;3538645663
126162598;3206;3572146621
59694770;3574;3575675186
181006185;4452;3428005211
150538478;3749;3576357066
38967872;3388;3576672464
47764473;3824;3573500357
237038618;3498;3575012537
297416578;3432;3348982536
295359246;2500;3069612273
104569497;3794;3185500452
150690034;3742;3289112290
66369529;3642;3532555139
263601628;3282;3565757089
172669481;4143;3344417691
122238006;2665;3245072445
21038494;2671;3574776623
149820009;4207;3576581266
189670423;4307;3566458877
89361490;3627;3313132673
138504462;3501;3275267458
40432611;3624;3411219549
196809382;4346;3455930136
49068938;1130;2924481985
346249801;1486;3026379448
241617444;3000;3455121980
158024506;3162;3567301464
152511545;3361;3575051654
174778711;4250;3552735700
307452333;3416;3279449247
81096342;3017;3138239869
335680019;2755;3576366370
314196737;2350;3346887093
357231984;2498;3545733525
30393133;3609;3574046272
317994313;2953;3272392228
74129883;3716;3014565546
152722779;3934;3207184689
269122816;2676;3575061899
296784606;2742;3566946965
329153881;344;3574547727
94217235;400;3575124608
31380510;2080;3247108289
144367823;1;3120809073
204087037;2502;3359492422
80861773;3571;3560446649
117917071;3654;3250492415
164012364;5363;3576432775
70909722;3015;3426611110
34478613;4515;3526463800
156038828;1713;3026303558
181176411;1371;3091357572
131664397;1558;3546322785
367363883;1031;3103083470
172752215;3718;3280949562
350039365;3822;3564219886
161494320;3619;3551751573
193044468;3265;3227331910
173833884;3188;3180649631
245479380;1932;3118934741
253100320;2333;3572379301
113542099;3339;3247257475
114259385;5981;3515688196
88417851;6318;3489602586
117169328;5346;2896715947
81475303;6297;3506607062
161703650;5013;3491880552
188593855;1371;3510467517
40890589;1752;3442317686
69298533;3168;3556967048
212384373;3660;3576624264
267345248;2795;3472816979
172049993;3708;3575138250
72827759;3092;3571560865
189240465;3028;3565884861
201921624;2960;3151438418
181199780;3018;3576536175
303353184;3482;3514929266
234225191;2824;3150336006
134180956;4050;3029068474
140031233;3133;3393187876
144897609;2381;3575934771
158306489;3858;3574991655
306909333;688;2887372667
191458369;3854;3464086056
172244854;1937;3543357386
199244180;3000;2927321851
350822375;2561;2949018827
154612830;3390;3183959266
237254014;4078;3575856374
291120016;109;3069573286
295038601;891;2909942668
289301530;822;2932543779
90061953;3086;3576596075
217400506;1378;3565941228
163673874;4932;3576477684
360349110;2539;3554554374
156038980;3295;3404964867
132183409;3857;3504196204
38948892;3038;3436427360
213273501;3514;3359518926
317078464;2570;2967470680
284836236;3197;2921367073
208214068;4168;2995792621
350235327;4372;3569704807
114853888;5000;3440268938
327275442;5249;3497972430
236293781;5079;3087446893
288116352;5359;3563884392
175089150;4587;3234449703
159788896;2938;3530819038
131626636;2972;3108710943
48941567;2316;3253210091
323287762;3124;3443277647
302215832;2748;3425306379
93144864;3081;3049806011
318875405;4038;3289369591
52519590;4276;3299317068
66246045;4578;3445420998
374644055;4222;3225197635
223442598;3718;3506318728
168860741;4105;2898853594
118361931;4203;3013364456
233935215;4779;3540431534
336348942;4077;3251315331
204064244;4505;3305285652
46847690;3799;2978740726
218059271;4478;3388896152
94405364;4095;3565950092
235705533;2142;3510955637
125443758;1343;3440620301
211056229;2532;3352252151
171570229;2972;3302719255
336471189;3467;3521746034
292975082;1846;3520449225
117570395;1313;3293040818
173452891;1640;3499691582
125255854;3495;3530617262
110259784;3106;3573562330
122220786;3243;3576025509
330972772;2963;3289202946
113383415;3047;3567947318
45237869;3956;3575514455
88831026;4265;3434743589
94459461;3363;3574836799
156725082;4436;3440642499
1098969;3721;3570339553
296175111;4019;3572994805
247241447;4000;2909837141
171070506;4047;3132192419
119851354;3382;3418915416
121007657;2594;3152653938
120916822;1750;3545655602
245685753;2432;3243697515
84274965;2186;3280137307
320240648;3419;2886434363
338320472;3469;3392531533
214207574;3419;3399575957
189674162;5617;3442534881
10776903;4773;3576572939
109518114;4432;3576663470
73240006;4434;3576655606
332342310;3689;3434763432
195535434;4650;3576645124
301823337;3944;3372162806
314762531;4146;3187652429
340007039;4609;3531584996
124249395;4066;3019954264
135579113;3915;3575768026
164790270;976;2906082266
230312631;3886;3204844344
114478105;5810;2908651113
328467989;3668;2983007555
108725430;3838;3571433453
113775256;3641;3032556358
48890120;3040;3575190912
84482513;1869;3574635336
348441551;3442;3576596791
226023035;3284;3576394850
150883060;2749;3576054374
169118062;1536;3309709916
230665018;2033;3106690298
244825929;1636;2915078542
171868801;5072;3518177864
232787497;4324;2964631667
19635770;4399;3416181000
108461616;3742;3576328541
108996008;4126;3311499165
350731075;3539;2989422309
194896952;1381;3494618427
117831717;4007;3560276758
125434696;3791;3575148535
175874705;3847;3554794531
105418302;3116;3083574645
152408369;3682;3576576139
201478384;3807;3574662419
23710897;2345;3536488672
135338749;4392;3576490388
88520363;6114;3513611566
335793487;6078;3576226448
94731961;5127;3571963387
234773022;3945;3493195098
93350361;6098;3575603841
64673508;5043;3536933701
85425640;2766;3130798503
327026551;2153;3157301104
123706773;2080;3112108825
82581891;1244;3574713938
127575456;4033;3508731346
124958936;4088;2959751441
326597721;4577;3481418671
106487421;4261;3573520009
148698572;4324;3457424249
119284134;2193;3405302648
130438621;3041;3346676028
322468418;3205;3575078311
239592871;3066;3332439077
186114056;2482;2929832710
132557516;4526;3268164743
246846808;4245;3465873919
222828943;5541;3025080380
106656305;5195;3477628778
119590506;4837;3575070814
241182613;4552;3060559821
76565034;3591;3339891651
232154229;2237;3310106105
115878347;3774;3418184236
32618;3477;3562307620
142520866;3219;3575061106
122072155;3730;3575112311
115333854;2896;3567301582
202316171;2540;3245069254
196263091;1812;3552459556
157038592;3285;3311937044
126400201;2954;3563710809
93168405;3312;3575435404
172037445;3067;2903744417
205844943;2947;3531827712
325635670;3632;3575883406
105133039;2326;3541554300
232513059;4201;3575128599
14705129;4348;3299013559
71406525;4051;3573510074
162473625;4123;3535314592
167432543;3736;3155451408
77449183;2669;2925488307
283316480;3034;3479459093
136133312;3338;3563729517
102076715;2985;3560539603
98245605;3112;3246122343
97134519;786;3576496647
71355312;2112;3182365506
107930340;2059;3347511242
175192557;2645;2953236109
196977411;1287;3570821900
220068783;1487;3571883943
304967600;2755;2916478151
307851268;1;3551154460
129522102;3010;3566801440
179002631;2691;3514898980
201478384;3807;3574662419
23710897;2345;3536488672
135338749;4392;3576490388
88520363;6114;3513611566
335793487;6078;3576226448
94731961;5127;3571963387
234773022;3945;3493195098
93350361;6098;3575603841
64673508;5043;3536933701
85425640;2766;3130798503
327026551;2153;3157301104
123706773;2080;3112108825
82581891;1244;3574713938
127575456;4033;3508731346
124958936;4088;2959751441
326597721;4577;3481418671
106487421;4261;3573520009
148698572;4324;3457424249
119284134;2193;3405302648
130438621;3041;3346676028
322468418;3205;3575078311
239592871;3066;3332439077
186114056;2482;2929832710
132557516;4526;3268164743
246846808;4245;3465873919
222828943;5541;3025080380
106656305;5195;3477628778
119590506;4837;3575070814
241182613;4552;3060559821
76565034;3591;3339891651
232154229;2237;3310106105
115878347;3774;3418184236
32618;3477;3562307620
142520866;3219;3575061106
122072155;3730;3575112311
115333854;2896;3567301582
202316171;2540;3245069254
196263091;1812;3552459556
157038592;3285;3311937044
126400201;2954;3563710809
93168405;3312;3575435404
172037445;3067;2903744417
205844943;2947;3531827712
325635670;3632;3575883406
105133039;2326;3541554300
232513059;4201;3575128599
14705129;4348;3299013559
71406525;4051;3573510074
162473625;4123;3535314592
167432543;3736;3155451408
77449183;2669;2925488307
283316480;3034;3479459093
136133312;3338;3563729517
102076715;2985;3560539603
98245605;3112;3246122343
97134519;786;3576496647
71355312;2112;3182365506
107930340;2059;3347511242
175192557;2645;2953236109
196977411;1287;3570821900
220068783;1487;3571883943
304967600;2755;2916478151
307851268;1;3551154460
129522102;3010;3566801440
179002631;2691;3514898980
268266824;2621;3077943659
352853552;4106;3289323849
164286521;3879;3382070738
198389627;4553;3569908120
86258010;5262;3483196430
142610181;5000;3485357830
235846183;4613;3497826797
197008080;3490;3576514951
94653775;4022;2981486061
367627861;4166;2921877617
372416235;4303;3565347514
55325230;4005;3266045021
140588990;1014;2975990947
303878973;3005;3283807012
318754704;4139;3576663373
125175593;1837;3490174968
143849682;2854;3574899225
133081820;2346;3567505903
157077456;1526;3077545249
136171922;1875;3186359387
79184746;5508;3542469746
110932122;5300;3504237690
178422665;5170;3438676966
117683279;6109;3183603055
125494200;2241;3482161617
154176918;4081;3566632732
216885465;3981;3283282714
166636173;3886;3184106356
124105587;4261;3355349418
34870889;3887;3328000372
56139835;3805;3571558157
55471736;4638;3575394274
336482896;3949;3142022203
59057383;1;2920711274
170035310;1406;3169166334
297031483;1451;3566974102
246987784;4012;2930055154
340974568;2804;3113917987
46646871;3054;3170296820
149156466;3139;3561807490
140031837;2641;3223338065
102341396;1416;3335447079
99939842;4054;3571841992
102026831;2756;3576627595
36255552;2678;3563973418
145478937;4034;3550067161
119156446;2448;3569949999
348076706;2560;3416349404
242013394;1152;3369215763
229070711;1020;3523304393
163060853;877;2983868504
189491900;2249;3259204261
174330952;2250;3346387749
293036097;2215;3011171889
124016851;3540;3457578917
366391350;2306;3337975464
318651065;3583;3576654542
199026461;2940;3518947501
292818553;3208;3574835855
72362637;1658;3433973093
353884812;3761;3573763289
238628254;2547;3571811412
168111136;3305;3576436809
366095005;2901;2904284979
85130045;2728;3436356019
149423767;2414;3431597912
318910595;1746;3253053447
131505416;1530;2924367020
270375632;3187;3502209740
351016494;5000;3045434049
258563749;4194;3096636975
253649952;2625;3006975244
278811344;3825;3408806135
202320992;4992;3220663304
154185240;4774;3573822515
138774135;3477;3576214477
279907984;4796;3421394661
299317491;2995;3473986383
232473253;2378;3018628965
120644557;2929;3023530617
113361342;3629;3033405538
196814215;3798;3221482334
323809779;2990;3473952024
164377470;1503;3526090206
121907439;4039;3575521538
285487568;4249;3424871416
137319898;4253;3345916387
342780084;4060;3566019851
121541964;3739;3534167799
37749906;986;3261114901
70812118;1237;3576606706
313090554;1350;3258737891
159485558;3894;3459993904
138303318;2844;3540961948
73013010;2295;3207046784
165963066;2760;3016572899
126112219;2161;3267184868
171116624;3001;3165432930
294956358;2659;3420594344
114393906;3119;3533310686
343024409;3429;3311532312
87995356;4900;3562276985
197254199;3800;3050646285
370782799;3521;3541230658
161626100;4109;3562070766
150428936;3967;3057628440
150176952;5097;3576621138
373965448;4454;3576639665
351574996;5118;3469316431
134683149;4224;3573488441
119335104;5009;3552616018
118808478;4558;3571775018
93723271;2280;3545615801
197513099;2552;3573596973
350579951;3612;3069236155
118602718;4286;3270800914
123566202;4290;3348573422
2061561;1819;3414686883
110972868;3403;3462428771
181733668;2738;3576623067
119482776;2604;3573383698
181444824;4381;3575315695
245392536;2645;3183577347
1963699;3352;3055514956
163477763;1839;3575950075
53526599;3104;3575062091
135294555;3023;3208089306
75139004;4161;3575257352
131627989;2738;3341459169
313228719;1758;3189701300
167279006;3714;3575118502
317532338;2655;3460452438
185394663;2239;3487491234
169828522;2854;3550918347
106520152;2612;3140019922
319213970;1877;3479251858
129228214;2515;3115377042
243992272;2974;3395775136
357543331;2767;2887574941
45462772;3756;3567127396
142169479;4268;3575368232
166191020;4933;3360551222
135477528;3168;3576330760
43005306;4410;3522894311
314250998;2957;3211718445
158434076;5059;3484701667
160726262;2695;3575077955
74597457;3747;3318803419
192853293;2077;3251596042
24902980;2729;3574835948
204106007;2973;3373120558
172048417;3416;3247356050
315839207;4504;2948897572
314184034;2817;3047240365
146123098;3082;3405201278
28321521;4389;3574628390
113604119;4288;3571880340
330362392;2980;3102941386
132841350;3963;3152007603
311118591;3814;3569486350
128735200;3916;3254105309
214052059;5219;3415363201
57782574;4153;3191819230
154443209;3927;2949898537
188510660;3483;3552660142
249437481;4619;3483986837
360326664;3998;3342069524
312275448;4710;3573377523
189143392;4082;3576106570
128701801;3229;3043279462
175507706;3653;3289525843
206501340;3707;3572004137
153394022;4069;3555135563
197998315;4638;3576642925
221083473;3683;3256043071
300110039;0;2958362961
122245028;4501;3251669221
131706463;4242;3234880311
210087794;3954;3116143417
177896240;3999;2999984609
194862556;3345;3567580852
119080469;5062;3282093111
39240428;4556;3573374386
20528390;3540;3462101866
115319531;4092;3560452051
155045602;4167;3545338962
208024472;4167;3522819466
68191070;4298;3576481050
96237145;4683;3261985152
118523950;5076;3534080879
118246598;3925;3046420216
177423724;3907;3102083247
126531541;3740;3163133000
170636214;3167;3069430520
155491757;3092;3428663613
100888822;4085;3227112291
348540715;2489;3574918660
170755626;2606;3477790480
112454538;3585;3391302529
235520230;3779;3280628373
109746539;4121;3234818827
368601733;4580;3569799557
218138083;3176;3514977385
94180776;3622;3385521104
300433346;2445;3573199089
86900793;4416;3575191436
146272585;6181;3284128860
131131185;1068;3227083024
128724638;2291;3275872482
318735465;2622;3576596729
278328420;1987;3113653819
92893090;2586;3523944784
328230665;2813;2896223257
164999818;3289;3424832779
113643290;2508;3576572623
158312529;4485;2918203042
149853884;3462;3576606489
171832571;5008;3341619786
360971423;3239;3488187877
179810214;3663;2900958134
151574217;3828;3307717010
277441510;1383;3153454773
86727957;4010;3557798866
104750446;4317;3571796439
43550317;4589;3576660230
72453484;4498;3576660230
120856323;5040;3451142457
329749859;4293;3574585835
295333021;2705;3571984058
282304636;1141;3326081589
16731947;2378;3271861640
224425751;4505;3569240214
124286163;5980;3110939137
115084264;4430;3359383377
350762391;3884;3422730195
327551704;3981;3163129876
183675626;5052;3576640330
47107393;2700;3418059708
68668817;3499;3514202946
147154561;3188;3271765323
261620436;2449;3144703716
135070552;2324;3270310216
167781300;2632;3130414735
122208506;2889;3218997910
314904022;1973;3253865830
164695011;4013;3025176801
100808675;4246;3157287941
122015546;3733;3320438979
270687904;3580;3553432075
186714267;3086;3340662527
116167357;3568;3576660160
331138944;2830;3576401502
196328263;3879;3075692170
113724458;3077;3570542702
173608245;3650;3568184498
339570286;2612;3241376795
125263568;4813;3536648863
229718951;3043;3575961519
117809126;4532;3575159179
140251245;5132;3570006468
99850656;4792;3048049611
154082466;1728;3576638193
43870065;4211;3449934912
371640301;3161;3573385556
48339239;4833;3571756475
89673764;3360;3556359200
115627184;3574;3198117903
10982715;3711;2983705087
105900173;3469;3505214562
220883005;3764;3542982949
94408130;3496;3575033775
371900046;2971;3316480201
348966834;3103;3500033165
324797122;237;3358344998
296795712;3073;3576476652
316199895;2236;3575880354
145146413;742;3462404736
128452201;2162;3120636974
58244095;2875;3565519713
172408572;2031;3053670210
173891068;3917;3409033680
298783129;4897;3557032347
252868997;3861;3472672901
137051265;3088;3530969425
158812005;2976;3576616541
301457984;2793;3263759170
177764918;1522;3576165063
294071148;2103;3145476642
79153589;2191;2913711043
311224578;896;2935407376
15836628;2417;3411311821
31452428;1900;3479882939
278278022;1944;3385678332
83038439;3022;3555494238
153009432;3638;3576367995
145067799;2136;3533850935
96776256;3578;3539412584
143825049;3187;3477092940
160147631;2980;3556008586
201868747;1846;3416181413
240876100;2539;3399953523
41127547;2544;3528510463
218555731;4378;3575485454
40009976;5045;3558901225
30361245;4270;3568505370
102643998;6276;3405201227
91782574;5372;3576619367
200761272;4427;3576615559
124655038;3599;3576676484
121272161;4070;3087537544
186434413;3482;2994513726
120960288;2938;3184998993
193963681;3246;3512557641
20130419;4655;3515002423
56179731;3570;2911607152
73442937;4619;3567051564
99027093;4085;3576199912
227012969;2057;3524570744
198262872;363;3462837379
316123217;2492;3565095039
253268693;2391;3136546998
327895489;2596;3483043870
162179910;4001;3573959034
361819205;2426;3003603224
330437543;4067;3058810975
167472722;1874;3473261336
332571764;4120;3316237254
177851471;3545;3348615993
158369135;3614;3565456033
368551998;4773;3455100545
289353110;4575;3549476234
162849531;5586;3444271794
145699731;4050;3531108772
285578878;2725;3576558896
345041581;2187;3565906707
128889599;1817;3459899437
86543358;2494;3573694814
113027460;3670;3491206091
148824604;3043;3559068377
179361156;3220;3422857707
199058798;3409;3434409168
101406485;2870;3257427085
54961063;2232;3070176785
293671333;2863;3574718121
234562479;3106;3135142263
169281763;2377;3481208117
98913998;3760;3575166650
106505218;4498;3376876354
181518843;5005;3454787525
118382584;4946;2967470014
111728325;5174;3573436808
105274610;3174;3575158489
121363694;1369;3575254714
111462164;3599;3571977885
61083653;3766;3252069812
227070159;2243;3475543111
103023988;1318;3068157770
127404594;3557;3511356495
118356924;3939;3112732855
177034011;2664;3575100578
230338001;3420;3194159583
49773846;4198;3251334240
136808697;4253;3562351177
187752229;5018;3574686359
116314996;4106;3521185744
71562437;4207;3051457379
132770177;4139;3576628247
340191780;2858;3223568422
46509063;1720;3574504582
18174249;2763;3573507482
205933922;2805;3573507482
113300797;2812;3072668160
183299834;4214;3201125864
21698696;3445;3239932828
75170623;1992;3556578015
7598523;2080;3030153768
194896629;2693;3564371582
200776617;3867;3500807233
124552746;3738;3533381318
213861321;3541;3530250161
190474171;2921;3559415972
201335620;3426;3488709043
114987409;2299;3574926568
27204809;1945;3052036344
281543436;2604;3576531681
323364179;2326;3558679145
230631770;1916;3574575876
63906996;2718;3087328584
191921105;4515;3331903950
237558763;2088;3331558483
135711605;1999;3195452086
238852600;2041;3575248505
114307236;2386;3290718450
238340943;1870;3473570690
49388543;1699;3376588354
288987420;2332;2911526113
122580222;1814;3432695830
32680636;3347;3024958939
135099540;3020;3315292831
237306287;3943;3436929665
112236900;3030;2903761357
177148228;4793;3356895149
123595350;3991;2988431692
149743217;4503;3544847991
143984760;3529;3049009848
351893009;4263;3133675627
278422148;4075;3576490607
199155222;3274;3570155843
120575673;2752;2982798007
285578878;2725;3576558896
345041581;2187;3565906707
128889599;1817;3459899437
86543358;2494;3573694814
113027460;3670;3491206091
148824604;3043;3559068377
179361156;3220;3422857707
199058798;3409;3434409168
101406485;2870;3257427085
54961063;2232;3070176785
293671333;2863;3574718121
234562479;3106;3135142263
169281763;2377;3481208117
98913998;3760;3575166650
106505218;4498;3376876354
181518843;5005;3454787525
118382584;4946;2967470014
111728325;5174;3573436808
105274610;3174;3575158489
121363694;1369;3575254714
111462164;3599;3571977885
61083653;3766;3252069812
227070159;2243;3475543111
103023988;1318;3068157770
127404594;3557;3511356495
118356924;3939;3112732855
177034011;2664;3575100578
230338001;3420;3194159583
49773846;4198;3251334240
136808697;4253;3562351177
187752229;5018;3574686359
116314996;4106;3521185744
71562437;4207;3051457379
132770177;4139;3576628247
340191780;2858;3223568422
46509063;1720;3574504582
18174249;2763;3573507482
205933922;2805;3573507482
113300797;2812;3072668160
183299834;4214;3201125864
21698696;3445;3239932828
75170623;1992;3556578015
7598523;2080;3030153768
194896629;2693;3564371582
200776617;3867;3500807233
124552746;3738;3533381318
213861321;3541;3530250161
190474171;2921;3559415972
201335620;3426;3488709043
114987409;2299;3574926568
27204809;1945;3052036344
281543436;2604;3576531681
323364179;2326;3558679145
230631770;1916;3574575876
63906996;2718;3087328584
191921105;4515;3331903950
237558763;2088;3331558483
135711605;1999;3195452086
238852600;2041;3575248505
114307236;2386;3290718450
238340943;1870;3473570690
49388543;1699;3376588354
288987420;2332;2911526113
122580222;1814;3432695830
32680636;3347;3024958939
135099540;3020;3315292831
237306287;3943;3436929665
112236900;3030;2903761357
177148228;4793;3356895149
123595350;3991;2988431692
149743217;4503;3544847991
143984760;3529;3049009848
351893009;4263;3133675627
278422148;4075;3576490607
199155222;3274;3570155843
120575673;2752;2982798007
201686304;1986;3143832459
203343887;2803;3558999308
72464942;4799;3571227197
93441758;4336;3576551176
83471774;3518;3571350811
81136956;5980;2905456132
44369534;4984;3576670245
104249131;5539;3448390270
113692461;4832;3573925313
96038951;5449;2973262639
63097805;6001;3374935990
99402867;4942;3529486505
195528297;3631;3202075728
213377122;3867;3530173578
96347749;3319;3316031222
318630397;2729;3536069637
340458812;4622;3194063177
342536670;2773;2964535045
97707735;2804;3288356796
202972604;2950;3491714303
251791964;1377;3495641432
130047015;3689;2892247905
74289805;3361;3534143144
333492801;3547;3534066025
197292214;3853;3575312880
215973919;3333;3575419951
113961903;3036;3379005484
114040264;3132;3576661087
130806968;3833;3183186797
220813231;3102;3421063260
368601690;3281;3192283867
140701936;3253;3569402146
154991257;3075;3442644218
291932420;3069;3576609707
146574441;4040;3573451477
244538773;520;3471324591
318088943;1;3410670163
153779122;1343;3537977966
110186552;3438;3220966528
37851041;3360;3573537863
195898555;3095;3445763939
160060779;4200;3573528424
123095072;4073;3511011880
155141333;4504;3575022446
347248068;3650;2978888090
123958355;4158;3571758220
502271310;3102;2911181073
111277335;2909;3573409239
54755963;3795;3573409239
155724679;3273;3561378792
123391672;1384;3268439564
105174177;3671;3544136813
255785060;2290;3571740384
242027514;3558;3566067949
174788017;3978;3046617899
344730905;3778;3385600595
195855819;4931;3517321377
133082991;4474;3441778715
165733796;3309;3316975677
189588124;3278;3014634774
85954279;2970;3427751036
74463390;3229;3516408195
157931072;2771;3410787458
251072079;2863;3099374121
230788267;1250;3204498811
245690204;2903;3161717228
185602136;4012;3574395520
59568474;3642;3576281227
35049394;3196;3576619666
54997123;4075;3538546193
84162293;4287;3564947405
170252594;2383;2900684011
295086195;3053;3074911675
47235846;3297;3116363774
364746301;2777;3470082972
122128491;4110;3573540272
295809259;4037;3489905536
304363458;3733;3576312588
186575623;2509;3069083655
125119105;3711;3500070177
7635361;3402;3576566097
289486248;3056;3373100933
306879733;3159;2890849971
116484465;3017;3144753739
368981862;3352;3051805904
123262382;3309;3481211055
37900695;3291;3571743315
110171626;3872;3576521232
118006952;2328;2940708931
121081978;5912;3478022857
86793739;8442;3575800438
125160098;2845;3532338829
124748210;1532;2898905639
177217509;2403;3398051151
131446123;2431;3576642719
108890522;1221;3424626076
321939822;2538;3040866734
163106007;4348;3572108044
191494902;5080;3452487408
128989192;3579;3567902325
128424088;4127;3575219699
108678022;4100;3560606380
124172947;3317;3191228631
86356342;7007;3534382433
168148963;5972;3264029306
168059543;8209;3534954805
102167819;6829;3549624639
86745742;6218;3428432852
62368529;6500;3542973116
151786038;3717;3422303376
187411443;2840;3157265926
139738647;2441;3086226166
155787770;4193;3191383500
125272699;1808;2918518589
170912950;1543;3388401641
316065000;3099;3576588091
172144040;2988;3414492509
99120808;3270;3254244818
118883248;3541;3576493450
149371763;4001;2987688305
139114570;3160;3322748865
316126962;4096;3570331787
172136242;3598;3542834602
126032073;3611;3568193576
68424009;3050;3448249590
219449523;2379;3519490178
331156862;2193;3506321658
133170326;4503;3229726404
171322926;4068;3311801703
65748832;2685;3448448753
29362039;3748;3546592084
120984069;3572;3560565192
163098005;4389;3573117676
101261736;4693;3571560859
214399878;3061;3573539732
190381153;2673;3361864694
234159734;2332;3091963057
125910551;3288;3540533264
73249669;4367;3570819044
107963798;3029;3573117523
110749328;3250;3576214117
121436913;4580;3320117701
215598326;4146;3573576584
28032998;3221;3029919460
120066304;4131;3543596098
65252469;3415;3570211080
228947241;3459;3102215466
293432568;4408;3545004160
44975317;1419;3573519500
538066;741;3571420410
353292304;2116;3575439838
283498818;2479;3214873939
147305082;1748;2937100036
276233692;2276;3012155434
155503229;1841;3423610291
302666613;2709;3417773088
72833624;3057;3552566153
293624022;3471;3215086768
103430796;4310;3484617739
272716764;1713;3546850168
70913075;2779;2920052363
111151802;2866;3455938300
119616621;3299;2888096477
59631564;3769;3342091350
79460245;4574;2895980545
48053546;3899;3575135717
240999121;5413;3079779548
102018742;4527;3573334960
153103321;4148;3020853387
136217299;4006;3480837247
92279007;3687;3576646891
174873144;1396;3464506528
216898770;2789;3576641067
128754921;1203;2999857727
163246943;186;3567185028
177856720;1952;3572023920
367690544;2317;3444378151
304889047;3620;3576663497
114190503;3607;3426833114
300567754;2293;2912707701
121654481;2689;3377025985
162557143;3872;3017119836
188008895;4021;3564576947
187666772;3592;2903491996
371656587;3176;3369630169
45669081;2350;3152811367
35882711;2684;3574937505
350233038;2032;3540684523
158344993;4086;3556790817
107412704;3265;3271283029
51391254;3592;3534119439
95746821;506;2944999072
115693607;3311;3357694079
151408384;2507;3053737306
224748715;552;3463441435
119889287;751;2994743676
231981099;5268;3075759452
43227571;5245;3546784341
26806465;4379;3536704216
225261729;6350;3409856721
24291170;5056;3149896668
333731733;4443;3484812489
111116193;6014;3454515129
282248784;6050;3110153941
271492292;4694;3574967394
227566913;4089;3562608634
115698973;5077;3576628700
176413391;4185;3573655977
56431247;5250;3049573322
168179287;3936;3576165780
121412978;2529;3363684067
136524743;3844;3550760649
9237453;2518;3575382987
183426812;3273;3573654481
341911012;4486;3197407089
114582221;2532;3495488037
12442418;1501;3531299681
212799710;2623;3372036628
262256952;4265;3565550361
161710074;2550;3575133738
299514131;2516;3574933363
171302239;468;3571847660
259197835;4833;3220200757
127147079;3725;3309796124
27007990;3948;3517537831
239413622;4249;3336137583
147146919;5000;3573446417
42669139;3819;3484205198
974558;4372;3550383531
67365481;4003;3067670116
317743983;3315;3508086073
86825675;4579;3271168199
28551377;4143;3576514028
27843994;4392;3575223198
28585238;4187;3341561140
348422520;3628;3144473098
171608011;3521;3541813920
198453768;3512;3446193509
185617706;3305;3555347989
169227158;2438;3551101711
185826450;2895;3258846933
207914899;3755;3574794167
160280818;2968;3334329701
48669187;2499;3337681847
116240326;4365;3564253652
88256555;4797;3550891157
97339741;4243;3576654386
50065317;5251;3262319163
58269988;3700;3547101439
93515688;4728;3569941430
149940192;3263;3426632604
150603327;3672;2926391957
332913088;4109;3148269958
248639333;3845;3576679173
168557029;4160;3572474429
342745726;2940;3489186214
54425690;1878;3411499453
130447359;4088;3576361945
344475448;6876;3501237368
112594983;5989;3545104818
339781117;6282;3040473928
204794606;5507;3082063217
86317757;6543;3449627595
118721929;7412;3540734841
89734177;1646;3571967984
88411745;702;3528937678
291050098;2969;2928912657
371869721;1519;2928000684
368416275;4012;3030945223
81447009;3783;3576487811
60555094;4255;3570440641
140739485;4757;3292812427
60069999;3957;3467871281
177296934;2349;3576637675
127194397;2321;3151535773
103286715;4297;3569608857
125200753;3456;3576619928
111872432;4171;3576564359
85162332;4368;3545028001
202019157;4191;2924462412
317456619;4125;3548840236
144400108;3120;3575088565
200155245;4056;3222020526
93071536;3185;3244317005
124144182;2013;2940718585
76883043;913;3576565706
203428444;3279;2892371387
96048377;3728;3576599988
124440775;2653;2920230764
119578110;2660;3575340625
177819165;3292;2983563959
110793395;4502;3130610298
182533756;4156;3532397127
145509047;4181;3566306375
365069144;2073;3509760361
471801;3623;3501495269
98991339;2479;3512227682
116788208;4003;3552377198
271992320;3070;3289029278
148158;3768;3236094839
363330837;2000;3109007438
354024309;1876;3073396875
207588534;2800;3496152022
233716253;3444;3576450430
290591084;2004;2991882845
191826972;3171;3574834860
121768605;3100;3519280764
45083327;2481;3374818554
110747788;3531;3520400628
118028775;4300;3575032519
118573689;3158;3576611026
321970169;2177;3416331971
160719522;3156;3576467998
86766275;5073;3576643783
374362327;3807;3309347293
177661368;3334;3071862899
231734926;5017;3574954840
171219607;3186;3575085644
51021244;2615;3575449057
149298926;2716;3576273709
311265065;3664;3576428242
122557774;4090;3548730434
101821161;3701;3569652290
97945187;4319;2983727725
80619136;4468;2945439018
23478157;4539;3447765893
311229094;2943;3465961058
321443404;3425;3552991602
318890668;2921;3402295428
317113683;1611;3286858314
291799648;4517;3564138305
150776262;3073;3558790157
298551101;2370;2971244950
208114022;4154;3273707945
340995009;4246;2900817830
216752823;4598;3222436492
342163234;4069;3375037567
113967764;3734;3558345248
313647874;4881;3271652345
55965554;3426;3466184611
48426075;3346;3385473534
326868153;3779;3087787054
122593029;4489;3576568957
375392604;5820;3571450241
129777734;4770;3576632026
179919252;3777;3550041820
320505059;2687;3407481122
243525449;2339;3242366655
169215763;4034;3526789118
341304961;3490;3053340369
222756409;3987;2939307674
212163993;1360;3187532560
86738953;6043;3202316875
112215873;4450;3561827518
115461162;6056;3355162456
100050574;5171;3224383276
57902346;4978;3410720583
183997257;5873;3538608079
346861819;6767;3575406402
375851504;3434;3114295381
165154014;3467;3289350076
237174590;3424;3216925041
122020717;3759;3343453633
107457061;4743;3575804171
300459882;2168;3002058587
89351941;2658;3569226247
158180739;3537;3571000914
51766286;4135;3484765953
191305632;2091;3038417173
173324946;3447;3575511347
173028283;1750;3490940522
64600881;3325;3303713740
106233115;4331;3145938119
122834030;4285;3000697402
101555946;5000;3124523297
226075999;4515;3348145670
37490825;3755;3033045068
39398032;3080;3521006737
122191423;4259;3535732290
97176156;4176;3558769221
24569326;4146;3366115354
36146780;4299;2987869822
132092435;3804;3398312021
305640981;4701;3196257092
184144198;2468;3319283716
100426734;4039;3562127186
133554428;3565;3419823419
223583231;2010;3018916624
59531075;1540;3501885801
90029117;1270;3565824647
252883609;763;3360323383
196651470;2493;3575333324
300890180;3243;3022265476
225688598;4285;3556741035
74007143;1273;3120728328
111821576;5214;3536085244
96378066;3299;3552526748
319685602;3211;3518787241
131294043;4012;3573835137
350918840;3197;3313242295
367737694;3965;3139719071
121634061;4658;3566632630
132770085;4085;3431888763
246919900;4358;3484338789
345919933;3347;3181749033
345210760;2481;3348867474
210245606;3442;3550081241
101417397;2451;3530208435
308063665;3810;2898582605
182755813;3477;3573630269
176994765;4620;3000951731
291393900;5290;3566907955
370677993;5203;3569793147
135131769;5100;3231694581
368798140;5708;3050814846
114209615;3486;3012597716
196607203;3001;2979328506
167287038;3295;3510211474
187544869;471;3497969796
85890171;2502;3236680499
123709813;3402;3571805925
165888077;4512;3141882860
135800160;4112;3483480163
243662659;3612;3471398069
297982736;3804;2895091713
9768445;6036;3201101050
56454809;5007;3195205392
110543921;5487;3221698697
94326732;5338;3569424050
114214648;4976;3158715014
132859056;5542;3574620646
98154932;5117;3573576990
64513606;3312;3067352982
88679757;4253;3089964115
138886425;2897;3112563901
120276955;2688;3292463937
116938904;2610;3576656879
359440640;2611;3450099445
325148897;2802;3380317650
129334227;1657;3409991770
113621614;3017;3560502671
197714842;2928;2909986257
77989109;2325;3338564566
148453736;2554;3121183298
121111728;4133;3575133027
157162079;3435;3569359167
155672139;2194;2897283127
131908701;1932;3185336240
133810720;3817;3118497776
141127265;4210;3575351429
93753644;4205;3575281921
118805669;4444;3576649247
111511112;3703;2939995369
86643671;3348;3573656286
348153143;3888;2895630364
93129444;2580;3553789934
77759288;4705;3571592040
103549424;4220;3450000625
61877767;2830;3450483099
154925770;2834;3556887839
243103279;4080;3376449641
130652968;3246;3110838881
107814030;3120;3452509469
244139615;3433;3492714182
153796044;4085;3451683453
225512866;3490;3576622759
179026071;3442;3128872908
123966618;3722;3286030705
295792529;3347;3566517061
210122153;3554;3058647459
120690432;3713;3299005190
145347852;2811;3220836740
104924768;5015;3576161297
98555181;3016;3487117456
138176243;4103;3326114844
167067843;3309;3082279235
162714573;4439;3558382885
149300310;3513;3576426836
98877924;2441;3032424989
296479924;3031;3374677856
192278736;2907;3561367822
325231320;2651;3151176908
202336752;4166;3576655311
208523579;4772;3210694846
98372567;3956;3552860794
59113864;2346;3002038937
131293419;3503;3261024855
80823068;4343;2909854501
115448318;2686;3323468466
375695454;2380;2930631811
174776306;3045;2939652071
150207647;3235;3571906149
185865284;3585;3398149727
198597822;3718;3565900323
109390875;4859;3542787289
118548842;5316;3571889343
56177924;5218;3261119730
272662472;5804;3573602945
173916069;5571;3536710329
122976376;5233;2966769375
96272478;5233;3183982970
151348238;2448;3575718232
86723959;2014;3575177897
111817088;3929;3576496285
182595838;522;3569400099
56901024;2913;3293077414
350594618;2271;3112322878
101928672;3288;3527684707
118252348;2436;3502979041
320876709;3002;3063005224
196943828;3044;3556829955
94101654;4472;3575204986
41215982;2899;3497903153
83535335;4185;3573444354
86831460;3859;3575074226
170404341;4342;3494542127
374787524;3437;3429003773
134573677;4513;3344378226
174271032;3320;3084086094
123432766;3550;2998266865
36515077;3640;3562541800
347286713;3253;3510944383
156680571;2531;3575341029
161016387;3090;2993384810
125390627;3453;3544859979
146351583;3691;3431681280
237596381;3081;3546872126
86433244;2456;3261769855
87299838;2168;3517564083
26320133;2526;3574985487
127607591;2872;2971649066
73067867;2502;3513225058
322255237;4012;3560636178
107569496;3242;3576624626
318297673;3471;3168339403
349966181;3551;3517104153
120232076;3450;3574920713
65288281;3662;3575113233
347189761;1850;3547440843
200296538;1804;3567673328
138682656;2400;3334076516
72808936;4595;3576622737
197537336;4449;3271936394
244371671;4359;3236072645
129086280;4620;3576578393
321712017;3899;3109197516
234691986;4048;3328860211
123726508;3973;2986294723
179588286;5603;3551986835
204581490;4921;3576425457
327411143;5614;3557596093
102107357;6024;3558732845
96785613;4614;3278033673
123845707;5338;2953084337
92217406;3243;3569625279
66355152;3238;3381647677
308008530;3010;3141125946
332638025;776;3570954359
127573300;3467;3568701927
145750600;2407;3498736426
50588740;2523;3391237800
54835003;4019;3542203133
316097101;2718;3242961977
82684167;3480;3573657138
42299762;2215;3576048719
339563019;3539;3569915988
254568763;2961;3459714875
192527329;4069;3425092297
90467775;2918;3576579131
200900635;4040;3576649064
293470649;3645;3553705243
39098261;2802;3437046807
266632016;2662;3448089357
30375690;2818;3530543107
91549072;2684;3027482196
229197254;3436;3565437034
102209277;2494;3488900068
19265563;2811;3496408252
215490606;3122;3538435849
362484144;4148;3003038068
353975034;3580;3337413043
21074760;4298;3553637208
89779838;3224;3548940731
26376564;4458;3203568547
151471038;2574;3576395110
174656712;2940;3187614602
120867530;3990;3166257110
130563763;5316;3569705956
100772875;5342;3567579296
50000060;4449;3573582947
116575916;4285;3475815050
359204861;2431;2907150944
242458438;2505;3025643502
136136153;1844;3576460295
303431668;2532;3573869065
162631851;1398;3576647885
157737343;2505;3484409083
156805060;1820;3021974574
228158290;2045;3551034119
345812578;2289;3245660740
113905564;3829;3575314381
166449792;4114;3558754134
278756012;1938;3534355238
276369336;799;3364375895
205102058;2104;3295167591
103309624;3931;3558733422
290453318;4800;3385986799
32612082;4390;3576674238
116185706;5743;3568874613
373541470;3945;3073348039
96406848;3927;3575166060
86167865;5129;3462046309
38858890;4244;3576491618
196194933;1421;3069735118
78509217;1934;2938765170
173914682;2552;3405323540
162047075;1240;3043130517
121994975;1666;3558742765
160794136;1646;3491367621
113152778;3977;3576588380
109918657;4413;3493314518
68575448;3661;3205755947
268311412;4339;3555872196
150627881;4932;3401942871
86755358;3847;3547430494
362338563;2586;2898924278
298805017;4017;3446138634
43199754;3005;3103966158
280749552;3891;3118528923
125188516;4257;3479643770
309286843;3840;3156680563
169812463;4214;3533834186
152517394;4458;3562511835
110961475;3176;3469363890
253075465;2965;2968773442
165053149;1980;3012115345
201389404;2265;3332130244
4452881;3836;3576621088
108759544;5065;3087759539
118099205;4539;3515498432
150789744;3863;3547505466
358753366;4018;3546956854
193692330;5051;3576648459
117774795;4419;3576022852
117754354;2672;3576498627
168478553;3169;3552853729
177885229;3240;3432204661
54193956;1851;3081837342
228648185;2815;3312038757
126706739;3451;3055794950
53929317;3488;3444283038
295129490;2562;3247513440
75702651;1657;3575509414
238946851;2591;3453671156
156833632;2649;3416202631
272454156;2873;3528834368
230554425;3464;3411226388
113156100;2570;3546390745
85157327;4680;2909418215
187654292;3178;3560325265
261698000;3480;3083066215
151100278;3921;3493631973
350276488;3039;3573033312
199128264;3333;3277931706
37017258;3469;3574737819
76730581;2358;3574939150
236618186;2613;3089875613
120840558;2704;3109066400
230464754;3248;3573379093
312453400;3445;3575897630
88827404;3072;3569974904
98055137;2146;3572145229
209806958;2477;3122862822
33319233;3511;3571808811
70645194;3380;3571575890
29666405;2537;3575109515
191777412;3760;3262720540
188187364;3358;3543093971
145712538;3347;3344518643
190765618;3707;3575442222
22551564;4698;3411953082
144074315;4741;3084781824
156183716;4646;3568297180
312849988;3800;2940648003
90692460;5536;3573392499
119518001;4649;3543595195
301216742;5040;3547527660
93661292;4067;3564080030
115686153;1398;3507774320
185011353;3656;3144681582
227486926;2836;3505272657
151380598;4015;3576648890
125169442;4197;3576625757
851275;3786;3534170040
54912025;4457;3532301033
42052688;3732;3576627687
169246132;2951;3562565736
176173342;3864;3572303142
189086743;2919;3396210099
100160750;3533;3057553395
124393043;3423;3524651483
88529924;3231;3559092865
293216640;2241;3249297099
257761325;2918;3540660189
114806972;3199;3413936819
113629135;2872;3246855250
72575941;2769;3576644726
122949100;3185;3376707997
109490580;3511;3569420630
175782185;3464;3149096420
141971841;3658;3570213027
118195677;5397;3499719067
190686518;4309;3576606223
143870476;3748;3504468208
264120088;1807;3555698347
194927033;3372;3015739402
373463272;4637;3575121605
162497342;3574;3576327369
290697372;4213;3065901389
363563708;4052;3539973764
104657463;4792;3097548242
342523882;4198;3422672895
357892567;3248;3004362249
55750260;3879;3018849895
168815724;3835;3014805161
105488173;5160;3204124592
139449134;4712;2905557588
132738208;4125;3233406091
246587296;2822;2992217039
330252310;3000;2991569255
68284467;2838;3316392874
127590310;2907;3327731503
206122396;2544;3079907935
190197078;3073;3576098617
59833260;3124;3538718803
215595294;2964;3575257478
356210253;4039;3573579038
218397019;2304;3109037216
217240406;4698;3096238292
143887008;5698;3402036423
146134961;6068;3530493983
127757390;6505;3576525838
131821020;2679;3573555647
199150322;2478;3185410191
100982291;3500;3172580570
188827691;4942;3576671187
300210042;4767;3264836354
72867212;4879;3097965321
74051646;4674;3429005749
126964820;4746;3131571829
184215732;5149;3569570558
74739418;2092;2996410742
201151224;3279;3116250657
281888642;2117;3057861428
27108789;3733;3575723504
95198616;4624;3575489195
196534218;5026;3375228862
67978436;3553;3572441532
74734449;3701;3352098513
116837505;3861;3556852506
247686572;2335;3562139767
149156582;2039;3556893848
34615810;3348;3350434254
141775980;3822;3297238966
204587360;3567;3534376004
131535837;2277;3552553704
245580217;2319;3569678272
129236462;3645;3569912340
195826079;3582;3098384595
249696907;2976;3574791734
16066145;2121;3324970168
110950036;1887;3490801974
151334362;2712;3021211997
200392001;2614;3256562518
368427101;3139;3449934139
342853776;2711;3507796498
157722238;3542;3312888808
92879580;4108;3562444075
92036852;3155;2985870869
254190425;1003;3031522571
363395338;936;3575180555
6111903;3155;3018894788
368069050;2816;3558960548
120172238;2891;3545499250
67316895;2907;3450305964
95962468;2855;3168931061
133975765;3695;3105516573
183078878;4520;3502293774
319544226;5054;3238776328
258224599;4002;3077778261
117614720;2625;3132062099
100688137;3981;3162050376
121774410;2851;3012294435
76710774;1973;3575057482
130937389;4020;2908436510
166387020;3232;3565425522
299272429;2074;3159133218
58833285;3047;3505236270
358189832;3661;3485750954
157026946;2226;3574059769
351311479;2043;3576661942
109502919;2093;2989761493
60911672;2553;3571560980
215123766;2875;3534943900
89444504;3182;3100365890
65368231;1498;3555405907
206940830;2879;3348793021
316567289;3247;3294552990
356129364;3136;3573652746
242842098;1974;3249482723
259907700;2349;3089977542
200406842;2664;3471330430
160263759;3346;3500348683
356933868;1451;3505975124
35746949;4873;3545573809
65940377;3310;3431110664
99016176;3402;3500101793
132362514;3525;3576284593
73064497;4167;3575185784
340197593;4989;3189129300
331729083;4039;3566120603
333019358;2055;3575261081
176746747;2291;3279677502
33420292;4201;3573419915
25699865;3585;3448462772
156243774;3129;3375089867
168286788;3642;3575242968
166958699;3863;3536209502
216855430;2057;3540451133
197973328;2431;3571861448
313732483;3043;2894692242
352264363;2038;3055325341
79414741;659;3538218522
250017811;3348;3377385730
186001165;5031;3575582308
161113552;3534;3576612973
350335727;2448;3138455019
93240619;3476;3536492522
299099211;4025;3557775105
145074622;3627;3324088938
208349917;3014;2928244285
62095094;1651;3539635313
115292300;4373;3539635313
291503894;2383;3534357098
228667849;2914;3575994234
154478802;1821;2962575997
130372997;3406;3571407826
175619221;1987;3472228268
270182036;3115;3514556918
63238555;2862;2906596481
220953035;3535;3554746334
180756319;2607;3576541857
4297280;3573;3402028915
11069337;3646;3023061402
291800352;4718;3155493442
335074051;3765;2987849904
76934061;4640;3458616897
18200720;4021;3471634179
89211100;2376;3032923216
144935785;2823;3567936010
209716886;4064;3558956250
156751999;6202;3156142603
283664980;4647;3284171912
154673636;4186;3545151267
51827851;4529;3555903661
189503104;2171;3093827407
138322147;3875;3494349325
229641009;4004;3486930933
347932452;3187;3519448297
91169910;3302;3212802993
83825877;4034;3575047531
106495578;3994;3436971893
114979120;3069;3482628506
256622813;3714;3573551650
118358540;2481;3368134160
108636582;3354;3432967361
96275452;2929;3002375679
112363335;3844;3569653097
182830752;2872;3214493827
191508282;4442;3575003278
327341198;3664;3573539103
128562893;4204;3321581224
297440789;4115;3518720320
341699652;3998;3497499859
151110608;5058;2987892574
353485839;3498;3528398018
109407258;5013;3177231950
167185431;5085;3401782848
28236995;4156;3575126990
50333946;4087;3483575867
68112843;4884;3330067186
168365033;4775;3560656814
52343383;3846;3526334743
335523580;2578;3424900059
177590896;869;3083767252
152844835;1969;3561141938
195377604;3476;3083627467
115812842;7064;3469520317
86935863;6389;3567572395
86300851;7082;3336300945
86744095;6597;3576499260
2979820;6057;3576662587
58513047;7809;3576544222
151580293;2680;3109183879
6219000;2280;3575221960
126642964;4341;3568435380
231711358;3434;3420941272
321240802;3623;3006230003
120539067;3974;3133954408
232925907;4700;3563216850
135008167;3878;3575119953
157339477;4608;3571921498
164827816;4266;3576014893
146628220;2905;3568980046
120229418;5556;3418455114
236011726;4484;3496413889
161741574;2108;3181870747
151479554;2052;3276276607
133237414;2722;3575082761
117139720;2856;3411846637
138524166;1832;3200442501
121027601;1979;3134361922
191037940;2928;3576513270
130665562;2551;3374348950
316430340;3887;3032266446
73277150;3860;3548058106
3204117;4528;3576657070
147130490;5940;3574915407
242772021;6539;3527711331
91484831;7000;3576154146
167962442;6318;3574145355
164224039;3376;3455598576
123930208;3316;3473288594
119119606;3764;3556900203
148799109;4658;3575169721
174283164;4530;3545389040
137270917;3109;2958423653
124163086;3972;2958423653
212581855;3103;3045301969
160294997;2475;3145406629
283870548;2759;3574887526
149060773;2370;3494470136
242732157;4827;3576660154
131977886;4064;3576502941
167795694;3766;3031104931
93616200;4269;3562001808
115067716;3596;3574706237
176203998;4482;3544708777
114752351;3938;3493048017
256767539;1455;3479454701
151121436;4538;3569517443
324544505;4317;3530300222
151857531;3323;3560864212
105799828;2283;3489458942
87519003;4059;3504333669
204703016;5158;3409137202
115837363;3364;3569893651
124511424;3558;3494409496
192597643;4032;3483319354
301741167;3249;3345814645
40070806;3641;3437753474
119910060;4737;3576622329
101438941;4609;3480632793
187071866;1570;3191552018
127679345;2656;3576526503
200496494;3387;3191392785
127795293;3150;3574222655
325146737;3588;3576525128
337181826;3289;3249272855
153669964;3145;3541785900
359608067;4199;3310518700
219080006;4119;3249998014
323889513;1576;3389278624
265627252;2078;3284489707
67421460;2453;3174483364
173150913;2723;3417535519
131694962;4007;3536490159
162820355;4128;3380177572
232068517;4119;2977161027
150712446;3933;3135279282
174018894;4002;3482755044
115474530;1477;3528843355
250035595;1605;2894690572
247978007;1387;3364241925
308010606;4123;3055419249
300718750;3953;3057115104
151047730;3686;3484036076
118132828;3194;3083382888
350096859;2098;3394775944
158293923;1907;3445042634
163622445;3486;3331911009
43715249;1781;3386101968
328730911;3084;3368044172
86300861;3595;3569203473
84116001;3942;3565704854
78645449;3622;3340091993
117469112;3974;3221888110
129218416;4099;3152189037
188066804;4425;3522700516
294545258;4549;3320169491
65161295;4042;3376540683
114074647;3258;3479031461
151582319;4200;3573663263
86906187;2867;3487069560
103854962;4112;2986070384
354443007;2188;3461111064
149865782;3170;3576376835
237380943;3324;3544471690
339739750;3666;3157501513
261295552;3304;3047072002
346722411;2003;3332485538
78586488;4687;3576040284
174161209;4134;3418208784
40300111;4242;3575073343
177317588;2452;3321592630
124269092;3868;3523864776
202598807;4074;3576607919
133417036;2511;3263182904
47149194;4678;3576571172
58054290;2278;3519143700
76605342;3227;3480415282
300026923;4307;3063297434
151877439;4035;3576223147
328309069;4477;3554630259
167828712;2112;3575355419
183264122;4650;3553698596
124364850;5329;3443744523
55685200;5002;3193044290
116183709;4720;3047451338
76115208;5235;3475838104
201808060;4856;3532182014
105663754;4203;3309797561
208637156;2521;3552727285
354278569;1416;3459839883
125188871;4405;3560377426
100738013;3493;3459922524
175567419;3802;3576138302
98018387;2761;3574566090
110137163;3967;3513009389
194358269;1402;2912185712
33562315;1959;3489402873
347218276;3973;2994218064
359528423;3872;3205288004
325698144;3059;3531578784
184308748;3479;3225631483
317068847;3141;3005671259
111299494;3303;3391620846
369531320;2565;3532333945
347106003;3438;2926161109
154876328;3128;3477704957
82686921;3110;3504381333
64806329;3108;3190591214
106253046;2830;2920218143
147383598;3894;3300714166
102630375;3026;3450614955
113774577;4159;3506096150
289207624;4128;3575726363
63759231;4127;3550747245
140204940;3309;3397667018
113012047;4019;2999499851
150620063;2079;3338272631
64344781;4327;3571844951
233727049;3060;3459863264
45619828;3604;3405131473
249153317;3656;3390129522
328753379;4252;3552398762
138768;3273;2994950195
176262952;886;3567124752
171292105;239;2932856569
66487739;197;3350661911
115171626;4286;3057155527
43237097;5624;3314126091
113480655;5160;3567362618
296144297;4923;3549289738
124168579;3995;3558547460
121444253;4927;3571842286
105747621;5224;3573509157
157768092;1525;3466350365
269499276;975;3431695289
111728660;2169;3391266651
112862887;1979;3503700027
186289564;2328;3506961167
138273168;3350;3576596505
38308751;3298;3558647037
122314141;2496;3551945027
291614382;2661;3494868264
149433288;3108;3565577374
138018128;3618;3576676906
129312397;3593;3466267476
186311545;3061;3567883632
120628829;3002;3136656116
169908812;3011;3315902021
120947486;1487;3546146288
325090545;3588;3539043389
181282069;2923;2913917415
183075652;4002;3571987968
216945575;4736;3135666815
110996960;5351;3232112415
91046563;3415;3575983798
375808665;2553;3531744266
162188062;4755;3569914822
142094196;4215;3575081846
255989844;2257;2981869052
99821844;4506;3405925690
325163856;4157;3574907652
192462765;4341;3055535485
58056024;3967;3324175715
24827855;4310;3024615279
15917139;2577;3571207656
169140672;3081;3058158974
126217529;4463;3567319904
117602165;3489;3206873764
242229628;3831;3573178991
154047751;2682;3425782804
302460935;1;3569285439
342262900;4211;3088030051
177898928;3630;2926385465
234923675;3893;3565561763
220053678;3655;3095480589
320078081;4912;3393008808
58158894;4677;3051963546
129232780;2886;3535544987
294705477;2148;3576642019
186305078;1806;3519088008
83599526;2502;3012726478
98167885;4185;3479697830
129598461;3941;3311659290
369977041;4463;3491547932
123334582;4431;3289551044
72993735;4077;3540642596
371937951;3463;3042049715
204173866;3261;3306807664
372055065;2560;3576581628
323003708;552;3574302563
18433388;586;3461134521
114556364;3518;3573251745
317424993;1776;3280696139
39164243;3000;3377294084
92043519;2225;3552285374
126519237;3594;2944844700
153765154;3765;3520735505
113869913;2908;3420691587
339229850;2328;3445067348
177120134;2913;2887609997
148626732;3060;3547202956
94261820;2984;2890251447
67503972;1889;3575165846
252068032;3303;3576621947
119024554;4708;3253848831
317937404;5007;3153680043
80915687;5731;3296417980
314606735;4100;3319206393
65963776;4363;3318313142
318839285;5049;3549098672
101085519;2486;3381826939
79393740;3697;3336083500
149185097;3309;3575224559
22455540;3710;3249111341
153690270;2516;3480950352
196971532;3064;3576654843
71738151;3593;3574795372
117290319;3923;3533179998
232963510;4305;3198277767
358181288;4008;3574720673
160953166;3698;3172799810
349573868;3618;3576251791
130450058;4333;3519187822
341049750;4404;3565633719
120083684;4471;3550887864
128842222;5018;3128940982
99802916;3948;3082852278
170204381;4269;3533765294
248483496;4842;3236188153
350221678;4360;3349008330
1413188;1616;3575295340
183243764;5256;3247063709
114202767;2719;2930996055
100291244;2846;2941130567
133095263;1567;3536555429
18772284;3077;3338011313
12221119;3979;2911635669
344462845;3280;3117153918
88207926;4202;3535904071
297435563;997;3576636290
128284454;4043;3575807444
117427272;2779;3575184232
194433294;1978;3335368319
202739718;3210;3564621693
183384723;4012;3346544845
16705432;5194;3286698925
124540823;3791;3383266724
202375499;5231;3284634444
365217532;2638;3046904670
358036906;3088;3302551446
326466903;3806;3571628509
322965578;3586;3405359376
87187924;3270;3061135588
135726422;3007;3567640292
361962180;1475;3349691434
228521239;4418;3425953313
168931610;3283;3446996257
77458595;3438;3365522834
182656103;2662;3343007154
160246161;3571;3539083811
111991366;3624;3108599545
139392324;3384;2992075468
194601227;3663;3400413852
122935212;3285;3445254582
197118206;2930;2931343700
336386643;3888;2968220631
113996459;3708;3571762306
127707258;3339;2938772971
146274766;1604;2941395534
115807297;353;2923194591
130607160;1894;3434256878
369527366;2727;2938689195
118941336;4224;3530663785
332609479;2018;2892246894
341728555;2600;3063496955
221718554;1354;2964765781
307116682;1783;3129992010
141290789;2139;3256440440
2464525;4049;3232717709
334683843;950;3141791022
246038401;2901;3502070390
106899998;4372;3575083580
198016681;3286;3402655642
256295289;5153;3170265592
332160550;3542;3511086360
217752885;4146;3155706451
101696954;5025;3530359813
36578173;3975;3576641162
133532580;4577;3176908949
202819208;4840;2888060496
152887269;4315;3299973436
117102821;3644;3576515241
257117977;2958;3569656075
106818477;2896;3491633012
66468181;3492;3567615693
138800502;864;3022617003
102700552;2399;3562367568
104958178;2825;3233999440
259242431;3111;3112901873
188390225;3461;2921742278
114909089;4237;3414333536
144479599;4010;3325911088
300163188;3698;3089286597
47541911;3375;3480589596
188797472;3738;3575063743
158469873;3658;3200019919
147790523;3332;3567919929
194594998;2120;3452036450
145003300;4014;3574563196
173405357;2794;3112503026
71883924;4338;3565404450
140874016;3414;3138469935
123514302;3804;3267035654
255406888;2540;3428340158
166541691;4004;3574202786
124645361;3129;3082635607
60454298;3036;3576613823
292847184;2480;3033314329
191427308;4303;3574340725
113381749;3363;3029826879
143659692;3647;3460099544
114615989;4059;3567519090
330719714;1427;3453263172
54497244;2350;3576482732
282090978;3125;3277397489
329012781;2977;3270636324
371530344;3267;3508050774
239243269;3817;3575803502
307509863;3217;3395986522
342070394;3333;3563643284
121855896;3691;3133440366
171554432;3934;3500466294
212802289;3295;2986859251
365298303;2352;2883547916
232814741;4037;3155043587
112080963;2038;3566002997
166760355;4272;3483172289
372557892;3864;2913140697
135513777;4243;3209116319
219225711;4544;3547372337
115458869;3645;3576191252
241712048;3963;3573529468
173409581;4307;3282246855
122412945;4013;3278131651
313212105;3493;3535813210
230263447;4015;3073862375
230761274;3517;3350856414
153836801;3081;3570470438
143811150;3168;3461504745
270806116;3826;3576659861
363452598;3047;3321699441
169244998;2297;3515469333
105642188;5611;3564154079
112089641;6079;3547921788
122637217;1673;3499311367
138966308;1612;3357335384
164288613;2952;3522968909
127217537;3004;3262733953
351928704;2910;2978415322
208552426;2992;3377005825
167638422;3939;3524767591
331954023;2608;3385312884
286707368;4092;3480072358
163727498;2759;3514761971
122292619;3778;3573708985
168574804;2497;3576511983
5423695;2133;3576609595
124223892;2482;3564194298
220536977;3180;3575167660
325523772;1984;3315081017
220094977;2883;3526306643
121995180;3517;3055594926
161556119;3085;3322816329
363274737;2954;3061802011
370872920;3346;3542692427
266468696;2662;3114641804
67787751;2191;2983655804
224488069;2447;3526198212
114517527;2823;3129941857
167374342;3505;3179313113
259416007;732;3274313908
227065469;3836;3524677440
159140229;3007;3392198875
88963734;1553;3563583738
313600850;3345;3556849965
282394410;1505;3233205127
120774467;2353;3546286393
130783460;1882;3500883994
270997340;3841;3127569429
132350238;4583;3275954618
107621512;4376;3515941571
318451408;5458;3472029559
192501465;4680;3339006199
147114848;4596;3576444949
183874702;3970;3027747988
345771548;3668;3574983493
161543588;54;3575869600
347879745;3954;3307740973
376249332;2809;3558519079
281537786;4529;3574891128
213310746;2216;3383639443
45226957;3944;3049598021
23146776;2644;3383526522
39790060;3237;3383526522
100480270;3667;3187701005
126191562;3771;3265315972
157081924;4018;3528432095
21091263;3287;3291203368
63843598;3569;3077793942
177492160;2153;2960337587
140523125;1875;3573532132
201822565;2680;3548445296
202869550;2245;3550843463
281992920;2068;3409761281
122210910;3394;3077649064
314936764;3166;3576460766
160828407;3151;3403176740
195351273;3466;3173037569
307337229;4600;3265130352
278182174;1662;3460811033
333901874;2092;3044519100
68244759;4414;3382257668
93605962;4396;3190728292
24835836;4431;3560655072
118567743;4362;3576530282
187479816;2089;3523169502
78551083;2058;3573469908
133036576;2824;3573469908
145886882;3792;3045259245
49902808;4120;3041372495
193374673;4067;3485353680
135284039;3530;3432500202
296547684;3428;3575229126
247922119;4170;3552408937
83573797;4189;3575053374
118893946;5026;3497984949
113394000;3486;3574626963
74764476;4272;3565021958
33794687;5306;3575194371
103127365;5953;3550537809
99718396;4064;3481080425
171774915;4463;3291332339
351498715;3173;3571094591
357608218;4023;3150544208
159687355;3014;3057210821
337058626;3172;3141581845
94507959;4034;3531808909
164881938;2199;3536692552
150300423;2450;3504411773
366131662;3294;3369788874
347250340;2392;2981733145
278504406;3483;3356010321
319550331;1924;3463016131
156493552;2982;3022984150
52059875;3132;3576666309
112023489;1870;3556481772
131689870;1407;3096483216
122594187;2103;3464344708
255989455;3852;2930614925
365882842;4000;3495979066
200631188;1714;3180036857
91643906;3635;3280205552
161351560;1899;3571418827
242601548;2418;3415826658
172977937;3099;3540085163
135313959;2446;3575010276
53524487;4227;3574378788
202806010;3981;3122498460
370988576;4459;3548606344
147026252;4252;3477995200
62036507;3538;3538475681
116685824;5451;3576498299
98752904;4511;3027193801
250782727;2322;2987429806
151448916;2051;3104262851
129288365;2958;3576665299
224240650;1857;3457028402
242875881;2493;3567521012
183722501;3260;3572245131
183954282;3183;3340009954
119867216;3284;3571195087
169092794;1659;3063134226
114971644;3247;3029252484
311401651;3194;3517395464
113566390;3324;3177083936
149314395;2949;3514816009
299249552;2825;2978458647
121988661;4331;3576590390
174646140;4920;2887500485
105331976;5436;3541072287
37864001;4446;3459971422
242963;5142;3576537709
197882073;3054;3379923224
188997772;3987;3545261321
157031464;4595;3196181386
234525557;2168;3434623785
296135964;3107;3528945110
101689136;4021;3506001164
81650240;0;3565142247
187026026;5277;3172004090
147151931;3746;3277390082
25680186;3420;3367615193
32961869;4554;3340777652
130619170;5365;3012069102
106720988;5004;3565235451
141703456;4723;3342181615
145126596;5000;3563442080
129095718;5178;3371346066
127049675;2143;3576638272
139683707;3255;3094004818
196821102;3040;3058834114
119575907;610;3536183036
285476398;3682;3575046804
120725859;2993;3494743413
266352836;3256;3028446037
124604200;3309;3466067603
96418684;4676;3303304810
330249869;481;2890245832
164467881;3654;3563348678
194341077;2406;3571543468
324608132;2282;3047734886
135781280;3433;3495671340
76935;3256;3552508491
113348149;4082;3552375610
118182716;2168;3390915655
242788980;2900;3573631450
144486201;3061;3286048880
175000096;3220;3438859088
153829273;2799;3567366300
253360305;2238;3572705882
133700980;2762;3306584964
346457989;2744;3387269800
235500765;3367;3565184249
225139095;3651;3274523272
15988200;4095;3576639512
99544580;2215;3192076061
157340178;3536;3164093179
299630584;2371;2944495901
200310307;4350;3571848411
114189866;3990;3165681964
124580561;4393;3560435980
364177688;3851;3332440196
2820590;3864;3311207036
6487957;3101;3545844089
76567411;4067;3011874114
87372945;2848;3204719750
124589121;4414;3576661982
334971799;1130;3155691528
7087013;3333;3575810722
117698751;4482;3575526695
358301797;4065;3551129710
100530303;5024;3564171885
177613008;4600;3571008288
22928518;3646;3575242268
151348176;4233;3576609684
169865303;3778;3546047428
121744609;3119;3526337903
119276695;3274;3540755892
10096962;4470;3256181363
39278511;4378;3575055355
55255447;4555;3573228235
108594143;3003;3097934698
173539567;2229;3576598539
75874228;2668;3536213618
95116210;566;3321136267
204271714;1851;3439592777
