98997587
296547684
103310549
107411883
247922119
83573797
118893946
113394000
74764476
29493456
54790703
33794687
103127365
204427799
68547445
99718396
171774915
185870802
184136241
157257427
12918435
351498715
357608218
114295412
159687355
217375254
299437351
298321105
257496777
337058626
186955864
169336808
311970247
116693058
94507959
109218471
139855431
164881938
120122254
150300423
366131662
347250340
249977816
278504406
371639771
142076311
372220677
169853534
128498348
24744105
125265890
319550331
188970962
168117844
149419581
156493552
39293071
165846980
52059875
367445504
370285417
164273421
162313732
213585690
103720440
350341656
112023489
131689870
195109238
321010029
122594187
189365024
141715901
244379368
255989455
365882842
200631188
374467759
154581235
91643906
237672595
161351560
306240742
242601548
148564582
137113374
113876641
136111790
172977937
135313959
53524487
202806010
370988576
147026252
339707077
62036507
116685824
98752904
250782727
151448916
129288365
224240650
171753786
242875881
183722501
183954282
149445355
119867216
173034233
112898791
169092794
301370135
135069372
215558243
58694065
114971644
311401651
175457443
113566390
149314395
121739369
41877690
371807319
339397767
299249552
121988661
320256640
252482781
174646140
105331976
127100842
37864001
242963
96174071
284121836
368304505
197882073
188997772
157031464
308403519
230398810
157291535
256009629
234525557
296135964
145716177
101689136
81650240
211719139
153184326
187026026
211566478
147151931
25680186
347242832
172875451
86281070
128717653
32961869
130619170
128896971
106720988
165050403
141703456
145126596
129095718
240249290
127049675
139683707
152521415
204015107
149434544
196821102
139656431
355262025
145059749
324864231
341047583
147597933
119575907
285476398
120725859
112716953
172990774
113786166
266352836
124604200
354898728
296088137
320954934
96418684
83030685
84745115
17462670
88781840
135589697
236876358
330249869
302320931
186246542
110348495
164467881
223639953
364942673
248044804
194341077
324608132
135781280
76935
169713402
174572416
122285274
113348149
168208492
196546313
122400655
118182716
127456943
242788980
144486201
101916378
53377614
313308051
197091899
157400269
175000096
331978288
234453310
160437426
78338432
207856343
153829273
253360305
115189323
172261518
133700980
346457989
244033212
235500765
225139095
341177273
188460118
240170849
216721813
15988200
99544580
157340178
299630584
234170334
200310307
114189866
124580561
364177688
363715468
2820590
6487957
76567411
87372945
130779806
124589121
334971799
63883757
238376593
173223922
357257273
12768070
199089645
71970737
129053261
7087013
149837191
117698751
358301797
100530303
2517385
177613008
108246484
60602962
22928518
151348176
169865303
112776912
121744609
133143707
82873768
234529822
253367117
104911828
277036890
124226516
119276695
56772111
92473181
121342769
76363307
80055475
227114157
125276285
133402801
10096962
102704
60307543
39278511
55255447
88638396
40551661
108594143
98532661
66421390
173539567
340472254
330853064
59309597
168202766
164816127
75874228
368725142
194295473
205300058
313919177
95116210
204271714
185337755
195207110
121471711
319739541
342440646
259388737
346924977
148387319
113134535
168758683
82072846
100540398
300121940
372410852
155922988
171690598
270802608
194954960
194816177
315932839
184731045
196197361
338973084
126499803
353727017
231563789
362273416
210648045
42466827
178603106
124463342
126096266
184938311
130487762
177820767
302473895
167716700
324364545
341281610
44735967
280583362
11077690
253356032
22456790
192938615
109616073
51788710
53889074
54961672
354704981
146312072
364608929
325217228
128469649
130984510
330361425
191290194
168028455
81290920
170943037
123869944
60041724
176594560
91582126
25108107
164387034
23376156
190825668
171983936
151803849
373684833
145007853
368330093
146540549
205937357
50214477
367674623
11544352
290183504
173830883
168356333
177823685
40099549
173759372
68141656
100220663
99645578
259941424
144902324
168185813
204742486
60468696
75137811
11607134
40858281
325489667
224614775
162619308
336296038
178422135
301777317
185574868
216274475
148714659
272383788
302172232
148206313
240956566
249921120
84310077
105089864
149334518
76792522
121406167
104655688
146779099
316436686
169248331
118625894
158039779
233522239
93411540
113616081
209406728
287317104
94100159
320315790
315907309
246293721
145838724
200781926
115341207
196385257
212084447
11667056
205463996
22786925
175256797
173608394
163724042
301272394
362858314
46248092
196485495
157610904
357261577
181042399
102275621
187999150
73174538
115100672
130134664
206167625
177947621
162527308
369006606
150580531
341335744
165747496
242981257
151812096
305098363
364814981
215988493
46808895
26289443
7760523
48232580
42539511
206644189
131500889
285222042
227066501
364672916
163344644
313623963
348822075
206995934
300824717
183681893
186049105
217012301
170410551
204715913
117233429
46337663
294579524
224601867
158642166
190651829
105087129
233804137
305074439
230122450
166758916
238151571
350899905
77449455
86880448
207446585
66627668
91519613
97960885
169906869
48248495
119922046
188179914
158808151
87734292
193953325
37511816
248482859
117820990
122378590
60152157
164692374
327431855
75177248
93771903
192043501
153220559
355059485
78518451
54565627
102258464
300619602
199804806
340701761
174664883
131766320
178674975
279754714
134081186
17230766
77787031
233671993
165621045
369834956
56421030
149559651
239060354
315384165
167785857
133863226
199114642
332231123
128240106
122669144
51550537
311927429
345788017
126146717
170717628
146717260
191506253
285445072
370928515
189726047
114407343
89524442
105527437
185158373
127679186
196281959
177581929
62536513
66740389
72629551
166389711
316468143
346414655
43273743
208358814
121952627
213335591
213582897
196547128
126327105
159400989
237613654
128278788
249024515
114560717
239061246
144849361
313589405
123999985
40002160
103077076
96872942
207160865
121167902
133326338
150143548
75725158
118776504
123750362
104219217
221316541
128282253
33315991
120590054
225921973
190463184
136699635
101055894
115005347
372525615
118355265
199439295
172097965
115953159
338829829
33363218
296828968
217686335
112688659
237158869
353594649
57729400
131843163
133474767
121901670
113611531
204237838
100379465
217038187
364227210
127965712
282623496
114047160
126095239
126965645
184608514
40473472
175592048
368431128
174776734
169733039
170735399
132952647
340388089
207416665
336278803
110191276
194016540
254768588
301250697
201725043
66099810
134048103
40980465
31933232
141889055
114648607
325885174
23716726
203232950
145717877
89604530
178518483
292020368
184367737
172542784
211692249
258593157
156721946
155545280
235187689
199188805
107834130
133986267
175323956
1310088
99750463
52070853
374133109
105768484
92945659
190943340
116193691
197487137
144731187
349618610
82155672
104245686
285216318
146243231
288924614
122835221
40266856
166110396
36005599
117055993
326208240
192068984
216335622
347330836
168833555
23148760
161714385
328358497
73134320
106050768
334221940
375813339
188151485
335959993
180202731
236843807
242044708
248692043
245521580
142316548
142738297
347738508
66945055
29247466
76976069
370773447
59243233
17747482
128534437
149866932
191629751
290349078
361621836
248241911
146651784
154807838
174603689
83333898
185959341
147341985
163599922
126074203
87567003
89456035
5749
88798974
10964009
111193936
59020488
318080170
144569500
48792678
114878971
32885952
101184946
30583310
146916727
112607368
187746445
128171181
118780703
42284033
111520493
87412653
104334906
131366921
180604696
99816968
97400596
299540516
334322584
86836154
106961549
62526551
59150201
108667000
127549093
181977418
105888245
120280623
34547124
107678170
101061767
78542633
121528564
143041558
192561964
348189843
366560156
115995058
22708299
309096363
85824062
207172704
77593314
102577737
57814272
57804940
338541305
68269037
12152578
14762450
280264588
158610551
157052997
124210278
101733927
92854035
86027764
119050514
160789602
98372972
54161731
76482496
189050728
293653531
118866965
313380748
113944159
49330846
8093052
32980574
121692991
105495781
246272625
115327143
120414914
211193774
124507744
206115970
113759559
246606881
191589370
335830224
100445240
220263269
300017
83625577
256258853
339987188
301931407
303607262
103574079
189754674
171972499
125753807
154533533
26807445
181911348
147019174
68002713
366588920
119591011
147756565
234768400
234924402
172340209
347794558
204803151
189005202
122177731
125047634
622076
285534930
197111032
137758695
312017662
286602396
212415035
175103392
374117680
111572457
158079450
170485668
306922899
338237892
95175845
25856499
38135761
192431805
164927806
82699812
47174043
320358721
146407470
130976788
157781918
300609752
240153622
270911568
299758538
320326130
352282570
141497175
320086335
158275049
332230066
208146158
172596747
226580231
123192814
316562577
168238144
192081087
294239900
59339630
166886314
154831348
215511681
141154357
171635925
135644027
103054605
88094456
100793885
357393537
371540121
37067285
300713811
38315714
55741457
368611643
139124145
295291053
66692606
182983407
177578544
777695
111021161
86785188
105120045
97076048
53637903
238734986
263853776
151483282
178351410
143167281
175808477
144285921
257992865
209180443
98847789
239321013
130553367
303565831
112230601
185607799
93198524
26272640
107405942
94483806
117601817
175443422
153523319
212592899
200352449
271787388
127579157
115318348
107188778
360715555
337015247
83168977
345184883
368835997
148074567
143213640
121932473
154146139
234682235
44045850
160870890
203723987
166596432
141949752
238219426
161456259
324659837
75201561
121317057
117159841
98030244
330490049
10136248
104415733
132191990
356794430
319244204
186006661
238035967
281069494
71783383
195252395
161851773
177059616
315311035
339437506
310696888
148830321
156367344
132275894
162133573
137159894
147262431
132281590
187935644
185439835
183878388
142199185
230010823
102767550
301685398
304961111
158079450
170485668
306922899
338237892
95175845
25856499
38135761
192431805
164927806
82699812
47174043
320358721
146407470
130976788
157781918
300609752
240153622
270911568
299758538
320326130
352282570
141497175
320086335
158275049
332230066
208146158
172596747
226580231
123192814
316562577
168238144
192081087
294239900
59339630
166886314
154831348
215511681
141154357
171635925
135644027
103054605
88094456
100793885
357393537
371540121
37067285
300713811
38315714
55741457
368611643
139124145
295291053
66692606
182983407
177578544
777695
111021161
86785188
105120045
97076048
53637903
238734986
263853776
151483282
178351410
143167281
175808477
144285921
257992865
209180443
98847789
239321013
130553367
303565831
112230601
185607799
93198524
26272640
107405942
94483806
117601817
175443422
153523319
212592899
200352449
271787388
127579157
115318348
107188778
360715555
337015247
83168977
345184883
368835997
148074567
143213640
121932473
154146139
234682235
44045850
160870890
203723987
166596432
141949752
238219426
161456259
324659837
75201561
121317057
117159841
98030244
330490049
10136248
104415733
132191990
356794430
319244204
186006661
238035967
281069494
71783383
195252395
161851773
177059616
315311035
339437506
310696888
148830321
156367344
132275894
162133573
137159894
147262431
132281590
187935644
185439835
183878388
142199185
230010823
102767550
301685398
304961111
159131735
124222239
319112428
149451537
61456238
300951779
105340868
185126988
86824467
279171550
335064127
196904305
200322056
196475368
98893726
95075307
106986776
229616522
154949332
41576918
205158639
57606069
218697791
350898339
143824769
179970540
101211415
187301826
307144181
77253435
37143970
44980667
117333288
166515622
204333896
309863705
144523405
54897435
208061498
129323149
998483
120922288
118607306
364733919
164000247
161917465
79956579
282236650
374042319
352551532
204947248
112050546
123912604
132467093
255955575
156000486
71266550
120606322
120680154
208067292
113281711
116576088
18833707
209466126
49249886
362945002
341303774
86652731
161148283
369221332
132625986
169201736
57141630
131850019
52520285
303185339
3183110
118585681
121202795
110725580
126034071
151053140
106734125
136830823
131208535
72503675
77421747
323218214
98015852
325778442
241262693
226523945
345109622
73240777
223809603
258081657
93315250
79172782
116248042
121732636
176870989
323662490
129775300
202585689
375168956
286043730
319858855
89491979
189892523
183980860
186519349
245484609
367344194
218074257
132945094
115139654
32266857
86836488
86892335
45899831
96824033
27064428
43860317
371810412
207134595
319751005
116010868
120081631
190352882
120555330
295259958
94556552
34340758
68163655
201426703
168371705
346711423
95546525
101658032
361457481
144261544
115824959
6405329
124499335
117999707
197311987
186376582
371275744
146117248
350233107
139446608
327261026
149349050
135761680
233075433
131948186
115169369
224506302
43889497
130695323
302774498
252762920
116365540
344625614
330347220
337128011
692109
124620074
115858295
166470587
178655777
62227798
126360456
195775805
311733812
130709803
160533662
141133335
141168073
209615117
153413808
184945803
346758195
32909500
153530247
154493543
85400534
57520831
303417696
156053896
314260416
368968944
110177236
105739077
194337257
355416431
268744924
318278143
133236216
139297563
367397192
103821641
355939080
119784310
52734101
185529486
164779960
63394812
109075746
110952093
163106143
227957109
191083414
157743561
246701771
152208032
221495725
353244977
156497214
147058015
39385440
99967708
55508684
294847345
170030976
177288870
316576950
277000530
327321964
329139759
367502353
179009382
31813276
238256965
277048010
103788383
129861820
136771716
289359502
215171674
137389356
146200214
183008772
350396487
105248732
251254139
360744035
187390845
333543488
104243760
286409310
84858674
79819351
179898843
14583915
97324169
219446993
171927170
180096967
275879082
279393066
343255210
157131474
205208809
136305110
102228746
335867254
113994118
201071281
122525128
164079686
91246328
94825891
201655724
83898409
328497339
180588879
178669363
141809187
208208596
352428225
77668207
196094616
221328591
312609004
364566003
159957972
339921953
244087900
181195624
124990417
59928046
84420369
320997123
304213442
76956372
136128333
375508827
131134637
122284185
313494171
118356654
79761249
52688816
152590591
355527083
854877
105351209
99814107
164523796
187480124
94545067
23862590
99409021
123057356
112270467
177094975
147263223
122057469
50569127
92148825
97796016
199804482
149746159
156611753
39821267
21521772
24050651
92558855
88721780
102242577
163992388
121159624
150227486
94443720
99847512
129011005
75614669
344227194
164495002
205136692
116894590
143777906
104333832
57756124
162611621
358759169
75761540
101805038
290535124
171744473
80712101
124650428
92833986
163642433
86743373
184396254
168508396
61088940
332825410
100877304
126318407
113420038
111306173
333680837
161731863
126558905
1989355
150542528
82935690
257126648
144709588
129890261
187491886
212223349
300613847
258399528
107845935
124101275
327128892
302912835
136656929
94254683
126803295
131229612
67737499
133490156
22896516
87430370
91370831
135116161
106197162
180482974
115160877
177388132
195758981
256327768
85252922
141236395
373983173
101435793
251876144
339973177
317966476
88574631
164144312
238201382
329892676
288526536
316164370
229643710
205095332
282149306
195209799
327354484
276318510
122891158
118696230
149132888
125355288
123124020
110489355
223783601
354901782
258338683
133764714
115826259
98556341
143634317
237741965
255381089
173781278
169797510
151329147
254870583
361450599
289125406
317938010
341453179
178764895
133042613
164966354
352274425
113582412
129934540
189913736
82104626
145693927
310834991
121462194
66992963
285150090
246584716
234518878
353119557
60045135
149162033
184432992
192369229
117145773
169981238
94655342
97822175
115439771
183536408
123563730
207561026
325161662
117054012
161538694
147606585
214207253
295780766
307236004
96128159
187389145
110370758
369981023
335993176
280489614
121911474
162400500
146051190
195802819
355368793
99753336
245074040
374933222
361286922
120101855
316137819
351429770
22265791
132749089
368279022
200698163
179287324
337894649
250151211
366055381
325802615
101409847
147701662
139842160
176374755
315489659
243232616
344956852
177919580
195557054
193826576
124258436
218008293
320824498
140558631
169603562
336670228
289014730
231629453
158789687
93475010
45200546
22399553
79995894
231218494
114962199
10525647
102891098
321302891
87256965
112204633
243505657
112858166
192839821
133397975
143049567
847637
193264282
195613077
256033715
91533642
109880592
169445870
127554149
143665417
317351806
135326310
71576350
154096652
53633734
169725989
351446011
102558200
126162598
59694770
181006185
186141279
86748368
150538478
38967872
122291260
47764473
363810743
237038618
297416578
104054933
138809847
226296682
338968667
215890003
165798464
154782588
295359246
104569497
150690034
336326525
66369529
313539212
87986687
223473957
259900704
263601628
172669481
369131599
294654456
125214082
122238006
82260944
21038494
149820009
189670423
89361490
138504462
317847724
40432611
196809382
301306319
366335023
49068938
346249801
350047943
171785398
241617444
158024506
155147094
126264254
152511545
85400781
26879034
172588093
174778711
307452333
367458169
81096342
335680019
314196737
163314390
298012971
147783170
148471531
357231984
154952830
30393133
128371588
317994313
74129883
152722779
93512286
340461122
130596593
91221948
291997488
322890764
115439374
114000188
163410961
323508087
230008195
152642948
105439621
114879307
269122816
296784606
344094688
212598793
329153881
167554683
94217235
31380510
144367823
212157387
204087037
80861773
117917071
236770538
65431502
183523914
66169251
129691376
164647115
311395884
356605153
59355133
255687520
115479163
164012364
152409264
70909722
67805202
34478613
150419334
156038828
296140266
181176411
302295241
131664397
92500296
367363883
301374496
122906501
122923449
172752215
350039365
161494320
266207312
151685707
193044468
343452096
173833884
245479380
243858839
216645121
253100320
74212692
113542099
196345728
114259385
88417851
117169328
81475303
94600597
161703650
323691478
114552632
188593855
40890589
160439892
97079374
69298533
184751586
212384373
267345248
179717577
172049993
72827759
189240465
201921624
181199780
303353184
306704599
146645624
310688964
234225191
101003625
172710838
134180956
312621508
365457463
140031233
284073676
144897609
158306489
135721216
306909333
330612153
162416469
321261237
191458369
172244854
199244180
350822375
154612830
237254014
60312
116399600
54975973
235005045
195998933
197323822
191218009
140355290
126586409
312683032
291120016
263404288
295038601
289301530
198208971
118351687
90061953
106455905
217400506
82868442
132211040
163673874
360349110
156038980
45070552
132183409
255206749
38948892
127877802
99725122
95172415
121500219
213273501
317078464
171769879
284836236
208214068
350235327
86510224
114853888
327275442
236293781
288116352
175089150
45678888
159788896
162846089
131626636
48941567
225468713
203442768
323287762
277383086
302215832
163311081
93144864
318875405
182327355
52519590
100015043
133320025
66246045
349532296
39637995
126242259
374644055
223442598
168860741
374301516
118361931
136381707
271896580
373753831
319258725
233935215
336348942
204064244
46847690
41429811
218059271
94405364
235705533
212472277
125443758
126471293
211056229
335966297
153307609
171570229
324187479
315992774
336471189
169429480
292975082
117570395
355561390
173452891
115012630
124601415
110411631
125255854
110259784
122220786
92164657
330972772
113383415
45237869
88831026
94459461
120682879
156725082
1098969
296175111
247241447
128268148
171070506
308468908
119851354
52409208
84359606
76178703
121007657
143352509
120916822
245685753
141181800
175905353
84274965
183170165
320240648
338320472
131517308
214207574
352378310
196113072
189674162
10776903
109518114
73240006
332342310
126949646
99032628
195535434
301823337
314762531
302348190
340007039
124249395
135579113
149252223
218925722
164790270
230312631
113558819
114478105
299439359
289670416
268068784
328467989
108725430
113775256
143174069
48890120
84482513
40126245
348441551
316194105
232156641
369127093
365001731
226023035
156547588
150883060
169118062
123833658
135912999
230665018
244825929
231262573
170571485
86929519
198618243
94248404
242510272
163646085
190520884
100638028
116241707
171868801
232787497
136821656
84716746
169410486
144593632
19635770
108461616
108996008
350731075
317720624
141094437
374845047
130043194
168846006
194896952
127644344
173340092
228642751
157235059
147844505
178618098
123671634
117831717
125434696
129005679
361303290
175874705
113228536
98071171
54349009
105418302
138122662
129680197
152408369
106009725
317899998
201478384
23710897
135338749
136778790
156269915
252816233
88520363
139044712
335793487
94731961
234773022
93350361
355818818
51269951
64673508
123654556
151788120
172943895
85425640
327026551
131419339
123706773
315306532
82581891
295334934
101670506
323029131
318092330
179228205
361095807
130975260
121888801
367903605
174402337
127575456
124958936
326597721
106487421
218669665
106968497
148698572
332309719
316475960
52775229
44557138
33350782
27780481
124303861
121229172
119284134
87563372
130438621
322468418
48784291
346193257
124471829
239592871
111083029
104589256
186114056
132557516
246846808
222828943
13637808
106656305
119590506
133481499
241182613
248268619
198702830
76565034
249929988
481902
3271490
249620649
133461388
232154229
121314987
103655238
115878347
32618
142520866
122072155
115333854
133128705
202316171
120430943
118917585
196263091
157038592
126400201
93168405
35089016
164316155
316069495
297066578
162471151
328831456
141334141
172037445
205844943
171324289
325635670
105133039
232513059
358360615
108016888
73364496
201881029
89256819
14705129
114861277
71406525
162473625
118272911
167432543
123751918
178530133
104586
77449183
290387856
205070728
305716273
283316480
184298797
136133312
98114438
116608572
215738366
299335708
248653475
102076715
123135040
98245605
102185551
9532268
87119607
50546336
295309723
193785642
135117907
110576259
128230112
203786674
199878347
137996322
97134519
71355312
107930340
157358345
145745693
154034461
164236108
175192557
196977411
220068783
29121366
304967600
126386966
307851268
185092210
322429665
159036406
129522102
187730040
360853876
160293512
179002631
107209335
201478384
23710897
135338749
136778790
156269915
252816233
88520363
139044712
335793487
94731961
234773022
93350361
355818818
51269951
64673508
123654556
151788120
172943895
85425640
327026551
131419339
123706773
315306532
82581891
295334934
101670506
323029131
318092330
179228205
361095807
130975260
121888801
367903605
174402337
127575456
124958936
326597721
106487421
218669665
106968497
148698572
332309719
316475960
52775229
44557138
33350782
27780481
124303861
121229172
119284134
87563372
130438621
322468418
48784291
346193257
124471829
239592871
111083029
104589256
186114056
132557516
246846808
222828943
13637808
106656305
119590506
133481499
241182613
248268619
198702830
76565034
249929988
481902
3271490
249620649
133461388
232154229
121314987
103655238
115878347
32618
142520866
122072155
115333854
133128705
202316171
120430943
118917585
196263091
157038592
126400201
93168405
35089016
164316155
316069495
297066578
162471151
328831456
141334141
172037445
205844943
171324289
325635670
105133039
232513059
358360615
108016888
73364496
201881029
89256819
14705129
114861277
71406525
162473625
118272911
167432543
123751918
178530133
104586
77449183
290387856
205070728
305716273
283316480
184298797
136133312
98114438
116608572
215738366
299335708
248653475
102076715
123135040
98245605
102185551
9532268
87119607
50546336
295309723
193785642
135117907
110576259
128230112
203786674
199878347
137996322
97134519
71355312
107930340
157358345
145745693
154034461
164236108
175192557
196977411
220068783
29121366
304967600
126386966
307851268
185092210
322429665
159036406
129522102
187730040
360853876
160293512
179002631
107209335
136861317
128909095
104119933
189235540
306964181
78230783
268266824
174917205
183238724
352853552
164286521
198389627
86258010
123029791
142610181
191600690
153637577
226104891
121441086
235846183
197008080
94653775
367627861
372416235
359284105
55325230
118920422
112442887
135913265
140588990
303878973
318754704
48083283
181431327
125175593
151425490
124760706
143849682
193926372
115041207
133081820
157077456
178020265
136171922
79184746
201445354
110932122
98396160
178422665
42202601
92952981
117683279
111096841
303382662
125494200
155718102
328766296
134787132
154176918
216885465
166636173
205825013
124105587
34870889
56139835
55471736
336482896
151202864
59057383
296129754
170035310
179809310
297031483
164946730
246987784
340974568
149456001
46646871
209792810
149156466
158946317
73217556
351640482
243197846
294269348
338502964
289937808
205783482
86809429
218785347
151670496
298524487
140031837
195207598
312977565
102341396
105445684
99939842
23781583
102026831
36255552
167889931
117411880
216298866
145478937
151636468
174338680
119156446
348076706
177309867
242013394
178278470
229070711
97172564
206059633
162197875
163060853
166857005
163951847
189491900
20062529
174330952
293036097
124016851
303616838
119102263
40422012
319425958
366391350
318651065
199026461
292818553
135884485
72362637
91978189
70119479
353884812
238628254
86722913
168111136
157051701
366095005
157325973
184045797
85130045
149423767
318910595
300048973
131505416
270375632
113058032
148262918
360691953
159053579
283196452
57710932
318629117
53124359
156063662
43709623
162862616
351016494
258563749
356104725
253649952
278811344
202320992
154185240
138774135
279907984
299317491
314090305
232473253
137827826
121970872
166926915
120644557
245939557
113361342
147741010
354715477
196814215
323809779
170508578
342305198
220007689
352301143
164377470
340980937
368422764
121907439
285487568
137319898
342780084
121541964
108494313
37749906
70812118
313090554
159485558
86540176
72928059
148411307
253374392
123736868
138303318
73013010
145474946
165963066
126112219
171116624
246767851
294956358
114393906
343024409
87995356
72564456
122991908
4404863
197254199
83375732
81586973
120736179
370782799
161626100
85419915
341889851
150428936
121564340
342710806
150176952
373965448
351574996
134683149
119335104
118808478
110725650
93723271
197513099
103031928
76723394
190240076
144411321
84050708
90120046
159056807
350579951
118602718
123566202
76495513
75227929
160633900
182442086
2061561
110972868
181733668
138140315
324509240
231211335
372550917
171468161
119482776
181444824
245392536
1963699
37623254
67978986
175317948
163477763
53526599
11340401
7437680
192704358
115231092
61646386
28411490
135294555
75139004
134447930
197454192
131627989
181525001
163131352
113360873
126016573
313228719
242566381
4324681
321957750
167279006
132046748
312119560
317532338
185394663
169828522
106520152
319213970
199750201
276730754
129228214
243992272
357543331
43776272
45462772
142169479
166191020
125858636
135477528
22289526
43005306
322710077
314250998
134082102
297804882
158434076
162177790
94191734
160726262
74597457
211324587
192853293
278625080
24902980
183033565
75752756
204106007
184803068
186759942
42605314
137370055
154201032
172048417
315839207
314184034
185082834
146123098
87160177
336413753
14600977
28321521
177469331
113604119
202898474
293249932
96057166
165990813
126591629
200847279
330362392
132841350
311118591
128735200
214052059
37259999
57782574
154443209
36474287
188510660
344390573
324198001
125894072
249437481
360326664
312275448
189143392
153192901
160610635
128701801
113228231
175507706
206501340
129852727
121336371
153394022
197998315
156523903
221083473
348941137
284797150
138605692
140764352
300110039
122245028
131706463
210087794
156911170
177896240
194862556
129601913
119080469
252335359
111820243
39240428
82685936
35790942
20528390
115319531
155045602
208024472
68191070
117892007
313670467
53116078
96237145
118523950
326375441
58561793
118246598
88435159
177423724
126531541
153164370
139312939
170636214
162214451
155491757
86861546
31229185
100888822
303615307
348540715
180804927
170755626
78514913
302158958
119674354
119774096
63464896
180420005
293238686
40685452
29392999
112454538
235520230
375271693
186111118
109746539
163539128
199893301
368601733
218138083
94180776
92333902
171728954
105820970
129112383
300433346
301177442
86900793
122569142
146272585
87096048
128122157
131131185
128724638
125656999
318735465
278328420
49438598
318875214
92893090
328230665
164999818
72393222
113643290
61267161
47381114
89668299
104501929
135031458
193365507
337633256
158312529
149853884
171832571
360971423
168718933
179810214
151574217
277441510
176185700
86727957
104750446
43550317
72453484
120856323
65935169
329749859
295333021
106685252
163669308
200033596
282304636
16731947
286516850
340586329
224425751
124286163
197733836
115084264
350762391
327551704
183675626
47107393
68668817
147154561
261620436
135070552
79873788
112998362
167781300
122208506
174408930
314904022
133191362
164695011
100808675
122015546
270687904
325597787
186714267
334384462
358531244
116167357
102001729
159923993
331138944
179516429
190701879
196328263
113724458
173608245
125522308
339570286
219068027
171014556
110840549
123208888
99885031
125263568
128508047
48073766
229718951
117809126
140251245
99850656
167520012
109271004
340447728
132235808
154082466
97916125
181993867
354530239
43870065
371640301
106026850
48339239
89673764
115627184
10982715
245255900
105900173
371321947
220883005
94408130
371900046
169803062
348966834
324797122
296795712
342974063
316199895
47608190
145146413
137948769
128452201
266946012
58244095
23770617
56348966
371848761
172408572
50338780
127335442
176573716
173891068
171268159
298783129
323289971
154830954
61373034
124071907
252868997
276014820
93588678
113972761
238169769
137051265
103030805
158812005
301457984
177764918
294071148
156373248
197821532
79153589
170478168
161273015
31202222
311224578
15836628
31452428
203013921
278278022
111279369
193788122
142314521
83038439
153009432
116188257
354688538
107469374
145067799
108098840
96776256
143825049
193265630
326981837
88344678
91978839
352677182
160147631
372502489
257116283
201868747
40530482
240876100
116314182
41127547
98731264
34396683
281028962
109480535
218555731
100877812
153426387
274991288
192773394
40009976
43310290
30361245
167605694
102643998
91782574
131569593
200761272
47869155
113748920
124655038
66090599
121272161
186434413
120960288
193963681
20130419
56179731
55037277
73442937
99790735
162206582
91349902
90007162
169595722
99027093
355518320
228581165
227012969
198262872
153502236
316123217
253268693
116556386
121132036
327895489
162179910
173254927
361819205
330437543
167472722
332571764
177851471
259238543
147610115
158369135
75136535
115612147
368551998
94865616
289353110
162849531
145699731
111985169
121896004
222554933
299979988
324709546
285578878
345041581
343601008
229760194
128889599
255527237
131717067
119046431
83122787
86543358
221409095
153985563
213326659
3836520
113027460
126733060
148824604
303951847
154412145
188508895
179361156
199058798
101406485
54961063
293671333
90249264
234562479
37216648
169281763
128333225
308449482
230748343
98913998
37414444
106505218
108336213
111029524
181518843
118382584
111728325
105274610
116923962
235399494
121363694
212781369
111462164
136916732
61083653
227070159
99238198
207877630
171925728
103023988
169307095
117140124
49663683
332138242
137175272
127404594
115531585
228395949
118356924
356073331
177034011
230338001
49773846
136808697
187752229
116314996
71562437
132770177
340191780
338495412
321199308
46509063
227363513
153213681
163228221
122008834
137670560
18174249
205933922
113300797
40825146
183299834
21698696
165834617
75170623
327747346
7598523
194896629
312392059
341238486
189427797
200776617
124552746
213861321
190474171
152341840
201335620
174717736
114987409
27204809
281543436
323364179
230631770
63906996
191921105
237558763
203595728
351634943
114548885
114177336
75604149
150542321
78337157
135711605
121453186
7074264
123784739
341049564
181963709
5395578
238852600
133835706
114307236
238340943
143091595
49388543
288987420
122580222
100371294
130718989
107650888
32680636
194096607
135099540
354823532
237306287
89021581
112236900
177148228
123595350
371148112
149743217
143984760
307352413
351893009
278422148
199155222
231839538
143022159
93314191
167960138
120575673
176648945
123736664
222554933
299979988
324709546
285578878
345041581
343601008
229760194
128889599
255527237
131717067
119046431
83122787
86543358
221409095
153985563
213326659
3836520
113027460
126733060
148824604
303951847
154412145
188508895
179361156
199058798
101406485
54961063
293671333
90249264
234562479
37216648
169281763
128333225
308449482
230748343
98913998
37414444
106505218
108336213
111029524
181518843
118382584
111728325
105274610
116923962
235399494
121363694
212781369
111462164
136916732
61083653
227070159
99238198
207877630
171925728
103023988
169307095
117140124
49663683
332138242
137175272
127404594
115531585
228395949
118356924
356073331
177034011
230338001
49773846
136808697
187752229
116314996
71562437
132770177
340191780
338495412
321199308
46509063
227363513
153213681
163228221
122008834
137670560
18174249
205933922
113300797
40825146
183299834
21698696
165834617
75170623
327747346
7598523
194896629
312392059
341238486
189427797
200776617
124552746
213861321
190474171
152341840
201335620
174717736
114987409
27204809
281543436
323364179
230631770
63906996
191921105
237558763
203595728
351634943
114548885
114177336
75604149
150542321
78337157
135711605
121453186
7074264
123784739
341049564
181963709
5395578
238852600
133835706
114307236
238340943
143091595
49388543
288987420
122580222
100371294
130718989
107650888
32680636
194096607
135099540
354823532
237306287
89021581
112236900
177148228
123595350
371148112
149743217
143984760
307352413
351893009
278422148
199155222
231839538
143022159
93314191
167960138
120575673
176648945
123736664
351634303
201686304
203343887
121330225
199444720
129454790
56500776
192063345
147947970
72464942
159393739
60324662
93441758
83471774
87072043
81136956
44369534
104249131
113692461
96038951
60992542
63097805
99402867
298328328
66309543
192039681
333473806
336404441
195528297
213377122
370626435
96347749
318630397
340458812
342536670
171567258
97707735
202972604
254282124
251791964
201633874
130047015
90002618
33392025
137842375
45165742
139210017
74289805
117036213
333492801
197292214
215973919
113961903
114040264
85360235
164711475
130806968
365300544
220813231
368601690
191054668
140701936
236294046
154991257
113375110
135878385
188209669
295682775
200241600
235168718
153370959
146623935
311402874
180675086
125550510
291932420
146574441
33861004
114630434
210789811
244538773
318088943
235695201
289053614
219160405
190301583
249733021
153779122
217969386
100450522
325018269
185840818
203199673
110186552
37851041
195898555
160298324
141358260
160060779
123095072
155141333
347248068
346710886
129672338
123958355
108090351
218141942
502271310
111277335
54755963
19622722
163976394
155724679
113728803
149053169
123391672
145468322
229193197
143622371
101690699
105174177
345281775
304901698
182642167
291389186
255785060
327918977
242027514
174788017
344730905
126939870
374636251
28684936
17461838
116528806
83896185
97768051
85513499
195855819
73898015
133082991
165733796
189588124
189773605
85954279
74463390
338612551
157931072
251072079
123090226
353598237
230788267
130927865
125917684
245690204
273135240
174608318
120343519
226120783
142163802
185602136
82089668
8340808
59568474
35049394
54997123
84162293
170252594
295086195
95906070
47235846
125164321
364746301
122128491
199659429
295809259
162943224
343880218
304363458
135129993
186575623
110016406
125119105
7635361
157521028
122253281
319598165
148423441
289486248
306879733
329646446
116484465
301993472
167157059
368981862
123262382
213866673
359320010
37900695
110171626
118006952
266561956
78310844
218552627
154974016
160512673
123858122
121081978
86793739
162672288
109868929
125160098
122101177
125722714
83587291
133067445
64666732
124748210
125696163
177217509
131446123
108307768
102944561
108890522
130158655
298408275
208300197
56189403
298864676
314541462
321939822
163106007
191494902
128989192
128424088
108678022
124172947
86356342
168148963
168059543
102167819
340945606
340990425
86745742
62368529
151786038
170108854
179935694
149007655
213479990
338854378
187411443
139738647
155787770
125272699
170912950
316065000
172144040
99120808
118883248
283494208
288919490
135881125
338571808
365801706
369455195
149371763
139114570
316126962
172136242
126032073
360090896
163886350
68424009
8008368
109999418
120745100
219449523
246705719
127751512
158031071
331156862
133170326
353487482
171322926
41717228
245684
937668
65748832
27271697
69569622
29813191
29362039
120984069
117891842
163098005
198863563
101261736
103597292
106183786
375278732
214399878
222391202
190381153
199177653
286161912
188301681
234159734
169155486
228207806
152213533
186323911
111600802
125910551
73249669
107963798
110749328
47946701
121436913
215598326
56180966
28032998
120066304
45756580
87632271
65252469
228947241
146737774
97189239
147247697
137641880
94419797
293432568
44975317
538066
353292304
283498818
147305082
312732105
323274754
308007863
314951595
276233692
238178862
155503229
140562259
134982142
302666613
130414635
72833624
123787484
293624022
103430796
272716764
70913075
86037349
113497510
111151802
119616621
59631564
375288094
48981143
37110257
79460245
129852669
164992376
355687396
48053546
240999121
102018742
153103321
136217299
126823727
92279007
312026484
174873144
216898770
204944733
128754921
276889434
163246943
47935976
239356345
246417936
168331146
193140223
256437764
177856720
367690544
184028247
3632590
118348738
133664355
304889047
176592015
358280426
114190503
88915910
300567754
121654481
108619371
119045195
162557143
188008895
187666772
188929706
154808104
371656587
45669081
35882711
350233038
113581002
20360896
158344993
107412704
51391254
93775742
85096635
95746821
359795961
178172363
40771566
111291
259477772
115693607
151408384
130455370
151083205
123626355
142130990
204380746
243614163
224748715
119889287
231981099
43227571
26806465
225261729
24291170
333731733
111116193
282248784
4327453
92096038
271492292
227566913
115698973
176413391
56431247
75256181
115965761
168179287
121412978
136524743
9237453
183426812
273155260
247844455
231286570
341911012
313384139
114582221
117353474
154665687
125784136
209954541
132978239
12442418
212799710
285495022
128068720
255938443
262256952
161710074
299514131
171302239
301887225
331285358
14595695
134827564
259197835
127147079
27007990
239413622
157975888
147146919
42669139
108232139
114914736
151866010
974558
67365481
52567955
317743983
86825675
28551377
27843994
28585238
279389968
348422520
171608011
56347981
131360065
189928100
198453768
185617706
4913183
169227158
185826450
107188819
3483168
173098886
207914899
160280818
48669187
130531421
116240326
147683105
115736347
88256555
97339741
50065317
58269988
93515688
59651863
149940192
101283129
150603327
204596026
332913088
319041229
248639333
230622123
168557029
208121099
151457897
307654900
9713246
342745726
54425690
130447359
344475448
118802538
112594983
339781117
204794606
86317757
118721929
77781753
89734177
126748380
141394938
88411745
135880869
210379114
291050098
371869721
157750645
357519436
98166558
196354751
59203852
368416275
375195117
332445913
185881904
81447009
60555094
61935237
140739485
32685055
367964111
60069999
68742276
177296934
155724610
60892164
213130095
127194397
103286715
116124534
125200753
111872432
127733940
85162332
242482300
202019157
317456619
63490520
52246714
117223672
136214181
118421322
144400108
200155245
93071536
124144182
373197482
76883043
203428444
169859774
86325630
96048377
103140328
124440775
136895492
119578110
155272360
177819165
92729136
259476500
346053953
110793395
182533756
145509047
136334165
193384174
365069144
164872178
60776937
192938565
471801
98991339
69232299
208152091
125353867
116788208
221222695
174708852
171716454
271992320
188511589
130571767
107006258
61817424
148158
174056760
255664329
363330837
294821057
128867312
354024309
207588534
107909129
2205781
174437209
233716253
117173712
93201021
290591084
191826972
121998742
121768605
45083327
181651040
157990662
193405855
243097968
110747788
118028775
118573689
321970169
160719522
86766275
374362327
127154877
177661368
86230097
21422963
78848944
231734926
119424380
120865305
171219607
51021244
258142908
25352560
143371618
149298926
2760164
311265065
137143011
133334639
122557774
101821161
97945187
80619136
117672766
23478157
360811656
315126433
311229094
174652493
217370603
329111488
183815852
361424245
250706223
37757099
321443404
318890668
317113683
291799648
150776262
298551101
208114022
340995009
216752823
342163234
113967764
313647874
294819884
377857642
71550045
55965554
118790799
114955924
103077801
48426075
112794354
326868153
320509318
122593029
375392604
129777734
142922690
112439348
179919252
320505059
189951119
138324708
169643879
57146487
282640618
297332739
154801355
154624234
243525449
254041236
286538168
169215763
341304961
324358960
222756409
167208033
143277450
130212086
195056643
212163993
127183275
86738953
112215873
115461162
100050574
57902346
183997257
346861819
375851504
119673990
165154014
237174590
122020717
107457061
126113566
300459882
298352358
353798978
102293325
89351941
125236004
241747438
158180739
63657078
93545124
121706922
87475899
113923641
87458358
51766286
84678453
322567867
316331041
300674437
182658292
145126580
175649008
191305632
193546219
146797209
370170451
177708159
173324946
247676681
53441227
170949437
191224706
173028283
145035284
107015050
64600881
42974011
67361579
45204684
295018673
102227967
92759855
106233115
356017132
122834030
101555946
226075999
37490825
109368068
39398032
122191423
97176156
24569326
126702541
36146780
28806702
132092435
250267760
99906163
305640981
367911738
189024501
184144198
100426734
130586598
102369153
276585502
133554428
223583231
206695858
211220498
308004811
177571701
244456663
209042189
295025044
158081005
59531075
90029117
252883609
338944991
230891295
196651470
300890180
225688598
58687939
346916751
344971484
279429206
74007143
111821576
96378066
319685602
131294043
350918840
367737694
121634061
180463974
172912088
256282244
110121643
132770085
176053050
246919900
345919933
228489445
188489387
332219774
345210760
202883783
210245606
145600047
92163931
101417397
308063665
182755813
303481646
283624862
176994765
291393900
370677993
115054630
135131769
368798140
82110422
113351371
124597151
114209615
153872555
196607203
204006009
287092400
33982826
167287038
308447745
130900313
221274887
187544869
229513715
123592252
85890171
123709813
165888077
225218847
10108420
135800160
343062586
200357147
243662659
297982736
151481977
93043884
150728925
85299189
9768445
56454809
110543921
94326732
114214648
132859056
98154932
64513606
88679757
244846931
138886425
115205957
133960768
221871297
131325394
264350052
120276955
116938904
160933909
359440640
368956263
163357866
325148897
129334227
113621614
196536372
41422881
197714842
77989109
179922615
148453736
288602872
90734247
121111728
157162079
95578390
155672139
131908701
246696123
116086487
133810720
141127265
93753644
118805669
111511112
153197533
86643671
348153143
93129444
77759288
187985455
103549424
61877767
370784304
332277437
332108628
154925770
243103279
346582485
130652968
107814030
96545334
112837634
124166858
244139615
156686000
153796044
255761556
225512866
168050354
168365044
118471271
179026071
123966618
295792529
210122153
113646427
120690432
125779077
145347852
104924768
226955369
98555181
138176243
63603878
167067843
162714573
149300310
98877924
122373960
134321994
114791530
296479924
192278736
362043186
325231320
202336752
208523579
111169585
98372567
59113864
131293419
289947974
80823068
115448318
203251628
99979514
15278688
30425832
375695454
174776306
87180657
26292849
221379857
301061191
370154538
150207647
185865284
198597822
185658112
131223180
109390875
213729401
118548842
56177924
272662472
173916069
122976376
96272478
300394824
184986734
151348238
179337669
129831450
86723959
111817088
174871255
182595838
56901024
107268237
355610436
350594618
297829112
101928672
118252348
113843688
320876709
75814169
180009509
153645869
196943828
314778639
357557553
238346803
155702008
272614316
353928773
298338412
249979968
84615152
204896636
233713350
319763488
94101654
272860
41215982
83535335
86831460
369505357
170404341
125681638
374787524
134573677
174271032
123432766
36515077
347286713
156680571
85998539
161016387
129182819
125390627
146351583
237596381
86433244
291458688
347643307
87299838
211508365
26320133
114212885
127550719
129164652
170679854
110404318
127607591
177647077
119013823
311880371
73067867
180821167
357584162
135095166
322255237
137220880
107569496
289903886
318297673
349966181
35116523
201328253
42615158
120232076
65288281
347189761
363969483
200296538
138682656
205186577
192699762
134690443
72808936
197537336
244371671
177734997
129086280
95835880
40555464
321712017
234691986
123726508
279893590
316583268
179588286
85434620
204581490
327411143
88980413
102107357
189588037
96785613
123845707
132025925
116586700
92217406
345893687
66355152
155521199
63584609
308008530
240287150
332638025
62947338
229574395
192559104
322024565
127573300
135733334
145750600
252958309
50588740
195270150
54835003
144937910
316097101
82684167
245300269
42299762
120342931
339563019
123771320
254568763
192527329
180773176
90467775
117898948
324918131
200900635
183173176
293470649
116269847
110502997
39098261
131946984
81415021
158947445
266632016
140050396
30375690
71470952
125315066
91549072
229197254
102209277
148608611
19265563
200690271
215490606
295818974
162097234
362484144
353975034
21074760
89779838
15965346
126775084
26376564
122436022
335641016
151471038
174656712
90476209
213440791
138903567
57505634
120867530
34995005
130563763
92970547
121056981
100772875
50000060
116575916
141349966
359204861
134676409
247153385
314877665
242458438
136136153
303431668
286442606
125928403
162631851
157737343
349433179
156805060
39231473
33625019
315163635
198642758
228158290
55747883
345812578
133153757
168074172
234136278
121681230
122615700
58278598
113905564
166449792
256343155
359414391
304273926
302139554
278756012
276369336
120767362
11937022
205102058
208498361
103309624
290453318
32612082
116185706
373541470
96406848
54104126
86167865
38858890
196194933
126503802
191436611
144632156
207681887
78509217
173914682
162047075
121994975
160794136
121017584
119426690
113152778
109918657
304160494
68575448
268311412
150627881
86755358
125706112
123001254
207644943
235321815
96885622
362338563
132133706
298805017
43199754
129915197
123179188
280749552
125188516
86884101
142106152
309286843
169812463
152517394
110961475
253075465
119992650
154728197
35310094
325738017
186457855
165053149
279402374
111726540
201389404
94678051
113879671
91098518
4452881
108759544
229809481
191792217
118099205
150789744
358753366
193692330
35297411
117774795
117754354
45669177
19873262
168478553
114560593
177885229
40729423
110216939
54193956
228648185
126706739
53929317
295129490
338994213
75702651
238946851
356594875
364204548
90481535
156833632
137289750
75377105
272454156
230554425
48511139
113156100
207874925
250629724
152219638
173475799
85157327
187654292
182664028
261698000
151100278
114734385
130982412
350276488
199128264
37017258
76730581
124455478
236618186
185111838
120840558
53843705
230464754
312453400
29651111
301736277
88827404
98055137
209806958
121853148
82368971
33319233
70645194
29666405
104292845
191777412
188187364
145712538
139704673
190765618
22551564
144074315
156183716
66935580
312849988
90692460
119518001
301216742
93661292
147741660
300134053
190269599
115686153
359004263
185011353
227486926
151553657
151380598
193320137
137225402
118147673
125169442
851275
54912025
302726407
143283476
94657497
75298
42052688
103293863
169246132
138000740
317338239
160910263
176173342
189086743
100160750
124393043
88529924
55108223
89365895
293216640
176274900
171466115
58949986
257761325
114806972
98204620
113629135
72575941
354173565
122949100
109490580
175782185
320623284
141971841
118195677
156026256
190686518
143870476
150583281
175623267
264120088
352123055
165205168
194927033
364126022
373463272
268187472
79408076
295949967
162497342
49459031
196173214
290697372
353739848
363563708
167431456
104657463
93718335
342523882
284497716
369848618
100462639
211175747
357892567
360701632
2060424
86797921
126391986
195406615
55750260
168815724
105488173
58409650
139449134
19406793
54183666
351526030
132738208
244987917
246587296
330252310
247004205
68284467
127590310
206122396
168054698
82807627
190197078
59833260
215595294
72966546
356210253
252264539
145274879
227928653
325577176
69262801
218397019
342786171
217240406
29568188
143887008
109289545
146134961
247119864
231581709
127757390
120068616
123008152
111703813
131821020
199150322
166535596
135280924
162722469
65591654
330322132
100982291
133150102
188827691
300210042
72867212
74051646
126964820
328391363
184215732
297387867
74739418
201151224
281888642
332919265
164657440
123114707
27108789
95198616
247351089
33484277
196534218
93099526
89366944
67978436
74734449
316430151
39976888
116837505
316203867
247686572
222887655
129384659
190266734
135693067
125652237
149156582
362717480
355906779
34615810
141775980
204587360
131535837
153510957
113596044
245580217
129236462
195826079
249696907
76004007
126568810
71774011
16066145
110950036
151334362
4110105
200392001
368427101
342853776
66317014
157722238
130077443
92879580
92036852
322569029
254190425
363395338
6111903
368069050
93386476
120172238
67316895
95962468
151005645
133975765
161048737
183078878
237866778
319544226
108774125
258224599
292546744
117614720
67943987
100688137
131306527
121774410
211972927
62265833
173155659
157760693
76710774
115856548
130937389
166387020
126112383
336069764
299272429
214197855
58833285
46172397
358189832
157026946
351311479
148707832
109502919
60911672
206450540
213229413
215123766
186857109
261102704
152886932
363528616
107555458
237274857
89444504
192414847
65368231
78015665
287723274
82563255
157823221
206940830
334489021
111694297
86924042
229006518
166029647
126899433
316567289
356129364
234252419
147946943
188526740
194111416
1017024
149052828
47503114
242842098
259907700
315080510
200406842
185333413
160263759
263527044
348982786
371581307
356933868
341741964
35746949
325540798
65940377
362832177
99016176
132362514
229745829
33658498
133936808
73064497
114358739
340197593
170653436
331729083
333019358
179807124
351752759
97429517
176746747
117690797
326180804
171266192
315718536
33420292
134556613
14080832
8019712
25699865
114542849
156243774
168286788
130361236
123101698
166958699
216855430
180657744
200944546
197973328
313732483
129851665
42275175
120876571
81174052
166390639
188064813
352264363
174144251
319403826
115569475
79414741
77071707
250017811
186001165
161113552
350335727
93240619
299099211
127203559
162013940
188855658
180661988
242880536
145074622
352222363
213237731
97375694
113629980
337855989
208349917
15812292
62095094
115292300
69033559
291503894
228667849
154478802
130372997
145303424
175619221
270182036
101909617
63238555
156025840
220953035
160464539
33179937
92070797
219459085
320714247
143786263
180756319
112894106
4297280
361869947
252673525
11069337
291800352
335074051
76934061
18200720
89211100
119705712
125762936
144935785
92187996
209716886
120356212
156751999
283664980
154673636
93817257
51827851
292868336
164883640
97353966
189503104
146283758
307467777
86814921
323101290
171178653
119309791
138322147
229641009
347932452
101903617
91169910
152745879
83825877
73932607
123876095
326713003
210032823
106495578
114979120
82087842
256622813
196930738
118358540
108636582
96275452
112363335
185077294
182830752
364890242
172987819
198925159
70866237
128696207
172536972
205147798
102591875
184114883
191508282
172755361
327341198
128562893
297440789
350485265
341699652
151110608
353485839
109407258
348629503
167185431
230239654
28236995
50333946
97134411
91477930
68112843
168365033
52343383
175008760
335523580
177590896
152844835
302711014
340562789
288728346
218744131
195377604
48338214
86754274
115812842
86935863
86300851
86744095
2979820
58513047
151580293
6219000
368208897
126642964
231711358
321240802
120539067
338788222
275851808
94431018
232925907
135008167
115175993
157339477
164827816
146628220
120229418
87015903
92342707
46423128
236011726
93654697
161741574
151479554
94481900
133237414
126563035
207890198
111699132
215327453
175598078
202460479
104173981
43898547
86890855
94550441
74248966
93174329
117139720
135288018
250034911
133285343
360612011
138524166
111204969
121027601
55643429
245226571
161515452
216253521
218294082
191037940
103625975
179308390
130665562
311906411
316430340
73277150
39311132
3204117
186545910
252423173
28850313
147130490
115914180
242772021
172242958
91484831
167962442
375833106
223161230
151354867
131285945
181727135
141350017
164224039
123930208
134984892
119119606
148799109
174283164
117032161
137270917
124163086
212581855
160294997
343087165
283870548
134821239
204762208
149060773
254501044
91615275
242732157
131977886
186191090
5791897
118131844
167795694
123995478
190374267
21407952
93616200
115067716
176203998
312543692
114752351
135588111
150137475
256767539
320792822
151121436
324544505
151857531
14175394
282345954
105799828
87519003
204703016
115837363
124511424
192597643
301741167
97853299
40070806
119910060
101438941
189357114
187071866
137529199
127679345
200496494
127795293
325146737
337181826
325123799
251001049
153669964
123020708
359608067
263078372
320779052
359757334
219080006
179528534
345705364
323889513
207913557
265627252
104972532
185221679
67421460
87599081
66854855
330456745
365791155
74719321
173150913
131694962
162820355
232068517
150712446
174018894
146701904
341922068
115474530
250035595
247978007
338910671
153262449
209544026
308010606
94271618
300718750
151047730
329064461
118132828
350096859
158293923
163622445
171246567
346797262
122264734
313780203
43715249
157705663
328730911
122473512
53435328
197487045
86300861
84116001
59250073
131109063
78645449
117469112
42575449
129218416
188066804
361328193
294545258
65161295
114074647
151582319
216255343
27982403
86906187
103854962
361468999
149661339
175449442
102204409
354443007
24610150
149865782
125123510
237380943
370962296
166218288
339739750
261295552
333357367
346722411
78586488
115859122
39715958
59771150
74566634
98089904
174161209
40300111
277551258
177317588
203965002
363535873
124269092
202598807
116963072
133417036
47149194
110121056
170009202
164705076
113004790
58054290
56633004
80323745
259666643
219531429
35638057
132970155
76605342
300026923
180926100
151877439
328309069
48371616
173848346
127120134
134149140
117059266
211001139
245909071
167828712
151719777
183264122
124364850
79705867
55685200
116183709
76115208
208440699
201808060
105663754
344920172
218461137
208637156
317982624
354278569
125188871
129187699
176307476
79316046
100738013
288574280
158032887
80777245
175567419
98018387
110137163
194358269
202651608
176365208
33562315
246643941
161204731
247178629
347218276
106308997
48946697
183853785
359528423
148701168
147970601
325698144
184308748
317068847
111299494
52439585
108244438
160761873
369531320
76023730
347106003
158467592
154876328
82686921
64806329
356152580
106253046
147383598
102630375
188581267
113774577
289207624
63759231
47089388
91711859
140204940
113012047
309882876
111787689
149578784
150620063
336176165
115197937
64344781
233727049
103522643
87061091
45619828
146646835
249153317
328753379
133926562
138768
176262952
150407763
171292105
66487739
97471622
115171626
43237097
113480655
296144297
124168579
121444253
105747621
17229206
157768092
269499276
107609655
48239376
111728660
112862887
169216055
180405885
308346381
26192409
186289564
138273168
310804334
113636629
48992809
38308751
303748328
177789218
149949097
50934890
270938140
122314141
75758367
331043597
291614382
149433288
138018128
129312397
228837807
186311545
195917553
64834949
120628829
169908812
254513547
266828896
359856344
108290793
120947486
325090545
181282069
198600863
199168896
183075652
282645766
216945575
166159403
110996960
91046563
375808665
162188062
142094196
231860791
255989844
99821844
325163856
126046473
192462765
58056024
348096033
153017096
370806397
24827855
15917139
29131347
72990328
114313812
113903748
104341755
125119876
65423594
169140672
207161632
158515199
204075804
123300023
126217529
112966099
117602165
118379371
113973225
172216845
242229628
68841105
154047751
279087360
302460935
342262900
120450712
177898928
234923675
220053678
320078081
58158894
129232780
174537265
295119393
195813486
215574939
262736868
49595431
294705477
107971999
186305078
83599526
98167885
129598461
336193437
369977041
123334582
371768201
72993735
362803968
348467946
371937951
116768652
312162770
204173866
372055065
108698573
104828864
148250419
323003708
18433388
307270073
217584023
143892427
111639099
129443580
121368637
114556364
218634515
181675715
317424993
39164243
63644046
178540263
92043519
126519237
153765154
113130892
113869913
339229850
137804151
177120134
148626732
42830151
216796195
94261820
129139422
14541417
25771030
67503972
115375452
252068032
235259211
192930383
119024554
317937404
80915687
314606735
65963776
318839285
174298185
65701814
326568851
101085519
8847631
79393740
279334232
243882217
149185097
115718010
105642941
126543775
22455540
48747717
153690270
196971532
151628923
72576486
137302578
129172390
331436204
71738151
73688673
78743298
117290319
336974211
232963510
358181288
299871048
160953166
349573868
130450058
341049750
245811432
120083684
128842222
85078943
99802916
170204381
248483496
350221678
211078395
1413188
301537613
109213830
55921774
183243764
114202767
100291244
133095263
10463784
39125609
137037556
17040392
18772284
188237340
217185957
192904071
164119048
337386103
12221119
344462845
122174726
88207926
184369615
55982440
40171824
91969456
194373343
121718231
121440977
297435563
128284454
158026448
117427272
194433294
202739718
183384723
16705432
124540823
202375499
365217532
358036906
326466903
322965578
279110564
87187924
115259961
117920665
135726422
361962180
228521239
168931610
77458595
182656103
196247458
98082463
160246161
111991366
125778750
139392324
92911021
280153858
183773661
294982133
79066815
145485453
194601227
122935212
351870066
24649751
197118206
336386643
113996459
127707258
348514789
146274766
42967189
192335031
118021907
115807297
182382162
130607160
237979190
298501195
368136095
126091411
369527366
118941336
332609479
178710785
341728555
221718554
307116682
141290789
2464525
334683843
152642948
239099342
246038401
282687738
106899998
92046068
198016681
92773986
118196250
137325472
347192892
256295289
327310323
220311318
224058867
137253864
332160550
175077170
114107467
185687664
51040973
217752885
101696954
36578173
133532580
326905455
164890818
202819208
152887269
340535816
250182176
113995449
249683111
152453382
126026144
361530729
201432654
117758134
86876753
117102821
115851729
175292760
257117977
106818477
66468181
45281240
204053795
156996024
173908050
196355834
138800502
102700552
104958178
357627448
198223359
259242431
339473035
188390225
368399009
114909089
144479599
106085828
365717989
300163188
47541911
47258304
188797472
158469873
123147430
147519021
147790523
194594998
159138179
145003300
173405357
212124527
314322530
311811589
169444911
71883924
136852277
146633236
288533798
147624061
140874016
135579250
123514302
255406888
166541691
124645361
123199676
60454298
292847184
155449433
184531248
192476624
91150813
191427308
169513499
113381749
143659692
114615989
252473095
169186329
330719714
54497244
282090978
329012781
371530344
373381810
239243269
307509863
342070394
121855896
171554432
234879930
212802289
365298303
193597777
232814741
112080963
166760355
372557892
135513777
199582534
375060311
103178932
219225711
115458869
241712048
185848408
145744530
167933656
193629427
173409581
119750639
122412945
231479582
189093335
313212105
240154267
230263447
348899542
230761274
153836801
143811150
226018021
270806116
363452598
169244998
134437586
154108781
68832715
10875281
101860176
105642188
199727518
112089641
122637217
157296174
34329713
138966308
178504329
340504625
164288613
127217537
157720957
351928704
190974796
150053590
208552426
167638422
127774523
172452777
169511258
331954023
286707368
219986413
224369593
135615441
233303878
164613911
364208696
163727498
122292619
142010386
123518568
256342147
299636749
117287311
168574804
5423695
82135469
44333028
105987599
194606244
119695503
118947445
124223892
145711362
248830424
220536977
325523772
47009686
150268382
120171641
302301883
220094977
341693406
270802708
121995180
161556119
363274737
156740239
367847550
267347252
315038570
293177825
370872920
236531483
266468696
112803970
67787751
97618355
40551335
195821940
193071833
224488069
114517527
167374342
321441085
138209716
215765766
210737997
259416007
121965372
227065469
159140229
148222517
343639506
88963734
313600850
54686358
282394410
69876155
120774467
288852538
130783460
174737665
149091908
134953571
148164088
270997340
136963712
114023359
247992864
294133051
252526260
188878317
177532543
145138651
361124209
132350238
107621512
318451408
192501465
147114848
183874702
345771548
161543588
55151686
77448256
347879745
133980258
376249332
281537786
104240498
54193686
363773024
294580295
213310746
45226957
23146776
39790060
100480270
63117192
156200862
86747302
126191562
204552535
334051654
357469925
230020237
161030727
50509461
368327521
157081924
109875282
110791207
21091263
63843598
249384249
177492160
187052155
140523125
201822565
202869550
281992920
75509869
122210910
66689303
106364135
219210259
50218890
199946312
138600432
153808230
85448151
317286652
106185753
314936764
178194689
116813855
364740159
188600782
174730395
237308842
295187216
328074262
160828407
148193798
197318334
225489777
201517840
321413860
168223963
195351273
307337229
124073060
159796113
278182174
333901874
346573643
68244759
93605962
185258385
24835836
118567743
195878529
158628404
187479816
100733336
132915391
242827737
312097837
364800494
164329275
78551083
133036576
152245356
145886882
142202771
142687419
49902808
193374673
135284039
